Timestamp,Acx0,Acy0,Acz0,Gyx0,Gyy0,Gyz0,Acx1,Acy1,Acz1,Gyx1,Gyy1,Gyz1,speed_mph
1747100391.18357,14.5711,1.3168,-1.992,0.4746,-0.3586,1.9678,3.7445,8.5281,-8.169,-0.7641,-0.1362,0.0255,51
1747100391.184909,14.5711,1.3168,-1.992,0.4746,-0.3586,1.9678,3.7445,8.5281,-8.169,-0.7641,-0.1362,0.0255,51
1747100391.1862998,14.5711,1.3168,-1.992,0.4746,-0.3586,1.9678,3.7445,8.5281,-8.169,-0.7641,-0.1362,0.0255,51
1747100391.187812,14.5711,1.3168,-1.992,0.4746,-0.3586,1.9678,3.7445,8.5281,-8.169,-0.7641,-0.1362,0.0255,51
1747100391.189368,14.5711,1.3168,-1.992,0.4746,-0.3586,1.9678,3.7445,8.5281,-8.169,-0.7641,-0.1362,0.0255,51
1747100391.1909142,14.5711,1.3168,-1.992,0.4746,-0.3586,1.9678,3.7445,8.5281,-8.169,-0.7641,-0.1362,0.0255,51
1747100391.192457,14.5711,1.3168,-1.992,0.4746,-0.3586,1.9678,3.7445,8.5281,-8.169,-0.7641,-0.1362,0.0255,51
1747100391.193967,14.5711,1.3168,-1.992,0.4746,-0.3586,1.9678,3.7445,8.5281,-8.169,-0.7641,-0.1362,0.0255,51
1747100391.1954,14.5711,1.3168,-1.992,0.4746,-0.3586,1.9678,3.7445,8.5281,-8.169,-0.7641,-0.1362,0.0255,51
1747100391.1968231,14.5711,1.3168,-1.992,0.4746,-0.3586,1.9678,3.7445,8.5281,-8.169,-0.7641,-0.1362,0.0255,51
1747100391.198262,14.5711,1.3168,-1.992,0.4746,-0.3586,1.9678,3.7445,8.5281,-8.169,-0.7641,-0.1362,0.0255,51
1747100391.1997561,14.5711,1.3168,-1.992,0.4746,-0.3586,1.9678,3.7445,8.5281,-8.169,-0.7641,-0.1362,0.0255,51
1747100391.2012742,14.5711,1.3168,-1.992,0.4746,-0.3586,1.9678,3.7445,8.5281,-8.169,-0.7641,-0.1362,0.0255,51
1747100391.202831,14.5711,1.3168,-1.992,0.4746,-0.3586,1.9678,3.7445,8.5281,-8.169,-0.7641,-0.1362,0.0255,51
1747100391.2043462,14.5711,1.3168,-1.992,0.4746,-0.3586,1.9678,3.7445,8.5281,-8.169,-0.7641,-0.1362,0.0255,51
1747100391.205863,14.5711,1.3168,-1.992,0.4746,-0.3586,1.9678,3.7445,8.5281,-8.169,-0.7641,-0.1362,0.0255,51
1747100391.207073,14.7674,-4.458,24.3778,0.1596,0.7013,1.4303,3.7445,8.5281,-8.169,-0.7641,-0.1362,0.0255,51
1747100391.208603,14.7674,-4.458,24.3778,0.1596,0.7013,1.4303,3.7445,8.5281,-8.169,-0.7641,-0.1362,0.0255,51
1747100391.210145,14.7674,-4.458,24.3778,0.1596,0.7013,1.4303,3.7445,8.5281,-8.169,-0.7641,-0.1362,0.0255,51
1747100391.211665,14.7674,-4.458,24.3778,0.1596,0.7013,1.4303,3.7445,8.5281,-8.169,-0.7641,-0.1362,0.0255,51
1747100391.2132218,14.7674,-4.458,24.3778,0.1596,0.7013,1.4303,3.7445,8.5281,-8.169,-0.7641,-0.1362,0.0255,51
1747100391.214732,14.7674,-4.458,24.3778,0.1596,0.7013,1.4303,3.7445,8.5281,-8.169,-0.7641,-0.1362,0.0255,51
1747100391.216279,14.7674,-4.458,24.3778,0.1596,0.7013,1.4303,3.7445,8.5281,-8.169,-0.7641,-0.1362,0.0255,51
1747100391.217649,14.7674,-4.458,24.3778,0.1596,0.7013,1.4303,3.7445,8.5281,-8.169,-0.7641,-0.1362,0.0255,51
1747100391.218972,14.7674,-4.458,24.3778,0.1596,0.7013,1.4303,3.7445,8.5281,-8.169,-0.7641,-0.1362,0.0255,51
1747100391.220227,14.7674,-4.458,24.3778,0.1596,0.7013,1.4303,3.7445,8.5281,-8.169,-0.7641,-0.1362,0.0255,51
1747100391.221559,14.7674,-4.458,24.3778,0.1596,0.7013,1.4303,3.7445,8.5281,-8.169,-0.7641,-0.1362,0.0255,51
1747100391.223008,14.7674,-4.458,24.3778,0.1596,0.7013,1.4303,5.138,9.1554,-6.2058,-1.2143,-0.5566,0.215,51
1747100391.224572,14.7674,-4.458,24.3778,0.1596,0.7013,1.4303,5.138,9.1554,-6.2058,-1.2143,-0.5566,0.215,51
1747100391.226088,14.7674,-4.458,24.3778,0.1596,0.7013,1.4303,5.138,9.1554,-6.2058,-1.2143,-0.5566,0.215,51
1747100391.227628,14.7674,-4.458,24.3778,0.1596,0.7013,1.4303,5.138,9.1554,-6.2058,-1.2143,-0.5566,0.215,51
1747100391.229138,14.7674,-4.458,24.3778,0.1596,0.7013,1.4303,5.138,9.1554,-6.2058,-1.2143,-0.5566,0.215,51
1747100391.23073,14.7674,-4.458,24.3778,0.1596,0.7013,1.4303,5.138,9.1554,-6.2058,-1.2143,-0.5566,0.215,51
1747100391.232353,14.7674,-4.458,24.3778,0.1596,0.7013,1.4303,5.138,9.1554,-6.2058,-1.2143,-0.5566,0.215,51
1747100391.234049,14.7674,-4.458,24.3778,0.1596,0.7013,1.4303,5.138,9.1554,-6.2058,-1.2143,-0.5566,0.215,51
1747100391.235412,14.7674,-4.458,24.3778,0.1596,0.7013,1.4303,5.138,9.1554,-6.2058,-1.2143,-0.5566,0.215,51
1747100391.236937,14.7674,-4.458,24.3778,0.1596,0.7013,1.4303,5.138,9.1554,-6.2058,-1.2143,-0.5566,0.215,51
1747100391.238473,14.7674,-4.458,24.3778,0.1596,0.7013,1.4303,5.138,9.1554,-6.2058,-1.2143,-0.5566,0.215,51
1747100391.240028,14.7674,-4.458,24.3778,0.1596,0.7013,1.4303,5.138,9.1554,-6.2058,-1.2143,-0.5566,0.215,51
1747100391.2415612,14.7674,-4.458,24.3778,0.1596,0.7013,1.4303,5.138,9.1554,-6.2058,-1.2143,-0.5566,0.215,51
1747100391.243131,14.7674,-4.458,24.3778,0.1596,0.7013,1.4303,5.138,9.1554,-6.2058,-1.2143,-0.5566,0.215,51
1747100391.244668,14.7674,-4.458,24.3778,0.1596,0.7013,1.4303,5.138,9.1554,-6.2058,-1.2143,-0.5566,0.215,51
1747100391.2462451,14.7674,-4.458,24.3778,0.1596,0.7013,1.4303,5.138,9.1554,-6.2058,-1.2143,-0.5566,0.215,51
1747100391.247859,14.7674,-4.458,24.3778,0.1596,0.7013,1.4303,5.138,9.1554,-6.2058,-1.2143,-0.5566,0.215,51
1747100391.24948,14.7674,-4.458,24.3778,0.1596,0.7013,1.4303,5.138,9.1554,-6.2058,-1.2143,-0.5566,0.215,51
1747100391.2509959,14.7674,-4.458,24.3778,0.1596,0.7013,1.4303,5.138,9.1554,-6.2058,-1.2143,-0.5566,0.215,51
1747100391.2526138,14.7674,-4.458,24.3778,0.1596,0.7013,1.4303,5.138,9.1554,-6.2058,-1.2143,-0.5566,0.215,51
1747100391.254269,14.7674,-4.458,24.3778,0.1596,0.7013,1.4303,5.138,9.1554,-6.2058,-1.2143,-0.5566,0.215,51
1747100391.2558951,14.7674,-4.458,24.3778,0.1596,0.7013,1.4303,5.138,9.1554,-6.2058,-1.2143,-0.5566,0.215,51
1747100391.257521,14.7674,-4.458,24.3778,0.1596,0.7013,1.4303,5.138,9.1554,-6.2058,-1.2143,-0.5566,0.215,51
1747100391.258935,14.7674,-4.458,24.3778,0.1596,0.7013,1.4303,5.138,9.1554,-6.2058,-1.2143,-0.5566,0.215,51
1747100391.260278,14.7674,-4.458,24.3778,0.1596,0.7013,1.4303,5.138,9.1554,-6.2058,-1.2143,-0.5566,0.215,51
1747100391.261837,14.7674,-4.458,24.3778,0.1596,0.7013,1.4303,5.138,9.1554,-6.2058,-1.2143,-0.5566,0.215,51
1747100391.263391,14.7674,-4.458,24.3778,0.1596,0.7013,1.4303,5.138,9.1554,-6.2058,-1.2143,-0.5566,0.215,51
1747100391.26504,14.7674,-4.458,24.3778,0.1596,0.7013,1.4303,5.138,9.1554,-6.2058,-1.2143,-0.5566,0.215,51
1747100391.266597,14.7674,-4.458,24.3778,0.1596,0.7013,1.4303,5.138,9.1554,-6.2058,-1.2143,-0.5566,0.215,51
1747100391.267831,31.4838,-1.8483,0.723,2.2679,-0.3203,-2.4956,5.138,9.1554,-6.2058,-1.2143,-0.5566,0.215,51
1747100391.269264,31.4838,-1.8483,0.723,2.2679,-0.3203,-2.4956,5.138,9.1554,-6.2058,-1.2143,-0.5566,0.215,51
1747100391.2706492,31.4838,-1.8483,0.723,2.2679,-0.3203,-2.4956,5.138,9.1554,-6.2058,-1.2143,-0.5566,0.215,51
1747100391.27208,31.4838,-1.8483,0.723,2.2679,-0.3203,-2.4956,5.138,9.1554,-6.2058,-1.2143,-0.5566,0.215,51
1747100391.2734919,31.4838,-1.8483,0.723,2.2679,-0.3203,-2.4956,5.138,9.1554,-6.2058,-1.2143,-0.5566,0.215,51
1747100391.2750552,31.4838,-1.8483,0.723,2.2679,-0.3203,-2.4956,5.138,9.1554,-6.2058,-1.2143,-0.5566,0.215,51
1747100391.276594,31.4838,-1.8483,0.723,2.2679,-0.3203,-2.4956,5.138,9.1554,-6.2058,-1.2143,-0.5566,0.215,51
1747100391.278233,31.4838,-1.8483,0.723,2.2679,-0.3203,-2.4956,5.138,9.1554,-6.2058,-1.2143,-0.5566,0.215,51
1747100391.279993,31.4838,-1.8483,0.723,2.2679,-0.3203,-2.4956,5.138,9.1554,-6.2058,-1.2143,-0.5566,0.215,51
1747100391.281499,31.4838,-1.8483,0.723,2.2679,-0.3203,-2.4956,5.138,9.1554,-6.2058,-1.2143,-0.5566,0.215,51
1747100391.28302,31.4838,-1.8483,0.723,2.2679,-0.3203,-2.4956,10.3765,11.066,-15.1122,-2.4914,0.3938,0.7237,51
1747100391.28458,31.4838,-1.8483,0.723,2.2679,-0.3203,-2.4956,10.3765,11.066,-15.1122,-2.4914,0.3938,0.7237,51
1747100391.286158,31.4838,-1.8483,0.723,2.2679,-0.3203,-2.4956,10.3765,11.066,-15.1122,-2.4914,0.3938,0.7237,51
1747100391.287717,31.4838,-1.8483,0.723,2.2679,-0.3203,-2.4956,10.3765,11.066,-15.1122,-2.4914,0.3938,0.7237,51
1747100391.289289,31.4838,-1.8483,0.723,2.2679,-0.3203,-2.4956,10.3765,11.066,-15.1122,-2.4914,0.3938,0.7237,51
1747100391.290907,31.4838,-1.8483,0.723,2.2679,-0.3203,-2.4956,10.3765,11.066,-15.1122,-2.4914,0.3938,0.7237,51
1747100391.2925282,31.4838,-1.8483,0.723,2.2679,-0.3203,-2.4956,10.3765,11.066,-15.1122,-2.4914,0.3938,0.7237,51
1747100391.294154,31.4838,-1.8483,0.723,2.2679,-0.3203,-2.4956,10.3765,11.066,-15.1122,-2.4914,0.3938,0.7237,51
1747100391.2957702,31.4838,-1.8483,0.723,2.2679,-0.3203,-2.4956,10.3765,11.066,-15.1122,-2.4914,0.3938,0.7237,51
1747100391.2973912,31.4838,-1.8483,0.723,2.2679,-0.3203,-2.4956,10.3765,11.066,-15.1122,-2.4914,0.3938,0.7237,51
1747100391.299019,31.4838,-1.8483,0.723,2.2679,-0.3203,-2.4956,10.3765,11.066,-15.1122,-2.4914,0.3938,0.7237,51
1747100391.300637,31.4838,-1.8483,0.723,2.2679,-0.3203,-2.4956,10.3765,11.066,-15.1122,-2.4914,0.3938,0.7237,51
1747100391.302803,31.4838,-1.8483,0.723,2.2679,-0.3203,-2.4956,10.3765,11.066,-15.1122,-2.4914,0.3938,0.7237,51
1747100391.304228,31.4838,-1.8483,0.723,2.2679,-0.3203,-2.4956,10.3765,11.066,-15.1122,-2.4914,0.3938,0.7237,51
1747100391.305562,31.4838,-1.8483,0.723,2.2679,-0.3203,-2.4956,10.3765,11.066,-15.1122,-2.4914,0.3938,0.7237,51
1747100391.307126,31.4838,-1.8483,0.723,2.2679,-0.3203,-2.4956,10.3765,11.066,-15.1122,-2.4914,0.3938,0.7237,51
1747100391.308678,31.4838,-1.8483,0.723,2.2679,-0.3203,-2.4956,10.3765,11.066,-15.1122,-2.4914,0.3938,0.7237,51
1747100391.310244,31.4838,-1.8483,0.723,2.2679,-0.3203,-2.4956,10.3765,11.066,-15.1122,-2.4914,0.3938,0.7237,51
1747100391.311774,31.4838,-1.8483,0.723,2.2679,-0.3203,-2.4956,10.3765,11.066,-15.1122,-2.4914,0.3938,0.7237,51
1747100391.313343,31.4838,-1.8483,0.723,2.2679,-0.3203,-2.4956,10.3765,11.066,-15.1122,-2.4914,0.3938,0.7237,51
1747100391.31488,31.4838,-1.8483,0.723,2.2679,-0.3203,-2.4956,10.3765,11.066,-15.1122,-2.4914,0.3938,0.7237,51
1747100391.316444,31.4838,-1.8483,0.723,2.2679,-0.3203,-2.4956,10.3765,11.066,-15.1122,-2.4914,0.3938,0.7237,51
1747100391.31793,31.4838,-1.8483,0.723,2.2679,-0.3203,-2.4956,10.3765,11.066,-15.1122,-2.4914,0.3938,0.7237,51
1747100391.3193421,31.4838,-1.8483,0.723,2.2679,-0.3203,-2.4956,10.3765,11.066,-15.1122,-2.4914,0.3938,0.7237,51
1747100391.320611,31.4838,-1.8483,0.723,2.2679,-0.3203,-2.4956,10.3765,11.066,-15.1122,-2.4914,0.3938,0.7237,51
1747100391.322172,31.4838,-1.8483,0.723,2.2679,-0.3203,-2.4956,10.3765,11.066,-15.1122,-2.4914,0.3938,0.7237,51
1747100391.323713,31.4838,-1.8483,0.723,2.2679,-0.3203,-2.4956,10.3765,11.066,-15.1122,-2.4914,0.3938,0.7237,51
1747100391.3251781,31.4838,-1.8483,0.723,2.2679,-0.3203,-2.4956,10.3765,11.066,-15.1122,-2.4914,0.3938,0.7237,51
1747100391.326735,31.4838,-1.8483,0.723,2.2679,-0.3203,-2.4956,10.3765,11.066,-15.1122,-2.4914,0.3938,0.7237,51
1747100391.328167,-6.201,15.7443,-18.1816,2.287,5.1519,-2.5882,10.3765,11.066,-15.1122,-2.4914,0.3938,0.7237,51
1747100391.329708,-6.201,15.7443,-18.1816,2.287,5.1519,-2.5882,10.3765,11.066,-15.1122,-2.4914,0.3938,0.7237,51
1747100391.3312588,-6.201,15.7443,-18.1816,2.287,5.1519,-2.5882,10.3765,11.066,-15.1122,-2.4914,0.3938,0.7237,51
1747100391.332763,-6.201,15.7443,-18.1816,2.287,5.1519,-2.5882,10.3765,11.066,-15.1122,-2.4914,0.3938,0.7237,51
1747100391.3341591,-6.201,15.7443,-18.1816,2.287,5.1519,-2.5882,10.3765,11.066,-15.1122,-2.4914,0.3938,0.7237,51
1747100391.3356621,-6.201,15.7443,-18.1816,2.287,5.1519,-2.5882,10.3765,11.066,-15.1122,-2.4914,0.3938,0.7237,51
1747100391.336977,-6.201,15.7443,-18.1816,2.287,5.1519,-2.5882,10.3765,11.066,-15.1122,-2.4914,0.3938,0.7237,51
1747100391.338596,-6.201,15.7443,-18.1816,2.287,5.1519,-2.5882,10.3765,11.066,-15.1122,-2.4914,0.3938,0.7237,51
1747100391.3401651,-6.201,15.7443,-18.1816,2.287,5.1519,-2.5882,10.3765,11.066,-15.1122,-2.4914,0.3938,0.7237,51
1747100391.341665,-6.201,15.7443,-18.1816,2.287,5.1519,-2.5882,10.3765,11.066,-15.1122,-2.4914,0.3938,0.7237,51
1747100391.3431208,-6.201,15.7443,-18.1816,2.287,5.1519,-2.5882,8.2313,6.9815,5.3439,-2.0987,2.536,-2.7351,51
1747100391.344658,-6.201,15.7443,-18.1816,2.287,5.1519,-2.5882,8.2313,6.9815,5.3439,-2.0987,2.536,-2.7351,51
1747100391.346205,-6.201,15.7443,-18.1816,2.287,5.1519,-2.5882,8.2313,6.9815,5.3439,-2.0987,2.536,-2.7351,51
1747100391.347733,-6.201,15.7443,-18.1816,2.287,5.1519,-2.5882,8.2313,6.9815,5.3439,-2.0987,2.536,-2.7351,51
1747100391.349241,-6.201,15.7443,-18.1816,2.287,5.1519,-2.5882,8.2313,6.9815,5.3439,-2.0987,2.536,-2.7351,51
1747100391.350785,-6.201,15.7443,-18.1816,2.287,5.1519,-2.5882,8.2313,6.9815,5.3439,-2.0987,2.536,-2.7351,51
1747100391.352299,-6.201,15.7443,-18.1816,2.287,5.1519,-2.5882,8.2313,6.9815,5.3439,-2.0987,2.536,-2.7351,51
1747100391.353853,-6.201,15.7443,-18.1816,2.287,5.1519,-2.5882,8.2313,6.9815,5.3439,-2.0987,2.536,-2.7351,51
1747100391.35537,-6.201,15.7443,-18.1816,2.287,5.1519,-2.5882,8.2313,6.9815,5.3439,-2.0987,2.536,-2.7351,51
1747100391.3569112,-6.201,15.7443,-18.1816,2.287,5.1519,-2.5882,8.2313,6.9815,5.3439,-2.0987,2.536,-2.7351,51
1747100391.358436,-6.201,15.7443,-18.1816,2.287,5.1519,-2.5882,8.2313,6.9815,5.3439,-2.0987,2.536,-2.7351,51
1747100391.359823,-6.201,15.7443,-18.1816,2.287,5.1519,-2.5882,8.2313,6.9815,5.3439,-2.0987,2.536,-2.7351,51
1747100391.361362,-6.201,15.7443,-18.1816,2.287,5.1519,-2.5882,8.2313,6.9815,5.3439,-2.0987,2.536,-2.7351,51
1747100391.362925,-6.201,15.7443,-18.1816,2.287,5.1519,-2.5882,8.2313,6.9815,5.3439,-2.0987,2.536,-2.7351,51
1747100391.364301,-6.201,15.7443,-18.1816,2.287,5.1519,-2.5882,8.2313,6.9815,5.3439,-2.0987,2.536,-2.7351,51
1747100391.3655958,-6.201,15.7443,-18.1816,2.287,5.1519,-2.5882,8.2313,6.9815,5.3439,-2.0987,2.536,-2.7351,51
1747100391.367143,-6.201,15.7443,-18.1816,2.287,5.1519,-2.5882,8.2313,6.9815,5.3439,-2.0987,2.536,-2.7351,51
1747100391.3683882,-6.201,15.7443,-18.1816,2.287,5.1519,-2.5882,8.2313,6.9815,5.3439,-2.0987,2.536,-2.7351,51
1747100391.369866,-6.201,15.7443,-18.1816,2.287,5.1519,-2.5882,8.2313,6.9815,5.3439,-2.0987,2.536,-2.7351,51
1747100391.3713212,-6.201,15.7443,-18.1816,2.287,5.1519,-2.5882,8.2313,6.9815,5.3439,-2.0987,2.536,-2.7351,51
1747100391.372834,-6.201,15.7443,-18.1816,2.287,5.1519,-2.5882,8.2313,6.9815,5.3439,-2.0987,2.536,-2.7351,51
1747100391.3743942,-6.201,15.7443,-18.1816,2.287,5.1519,-2.5882,8.2313,6.9815,5.3439,-2.0987,2.536,-2.7351,51
1747100391.3758981,-6.201,15.7443,-18.1816,2.287,5.1519,-2.5882,8.2313,6.9815,5.3439,-2.0987,2.536,-2.7351,51
1747100391.3774452,-6.201,15.7443,-18.1816,2.287,5.1519,-2.5882,8.2313,6.9815,5.3439,-2.0987,2.536,-2.7351,51
1747100391.378967,-6.201,15.7443,-18.1816,2.287,5.1519,-2.5882,8.2313,6.9815,5.3439,-2.0987,2.536,-2.7351,51
1747100391.380507,-6.201,15.7443,-18.1816,2.287,5.1519,-2.5882,8.2313,6.9815,5.3439,-2.0987,2.536,-2.7351,51
1747100391.382015,-6.201,15.7443,-18.1816,2.287,5.1519,-2.5882,8.2313,6.9815,5.3439,-2.0987,2.536,-2.7351,51
1747100391.3835058,-6.201,15.7443,-18.1816,2.287,5.1519,-2.5882,8.2313,6.9815,5.3439,-2.0987,2.536,-2.7351,51
1747100391.3851688,-6.201,15.7443,-18.1816,2.287,5.1519,-2.5882,8.2313,6.9815,5.3439,-2.0987,2.536,-2.7351,51
1747100391.3866959,-6.201,15.7443,-18.1816,2.287,5.1519,-2.5882,8.2313,6.9815,5.3439,-2.0987,2.536,-2.7351,51
1747100391.388201,-14.8153,-38.4461,-57.0155,0.8791,-2.668,1.9731,8.2313,6.9815,5.3439,-2.0987,2.536,-2.7351,51
1747100391.389741,-14.8153,-38.4461,-57.0155,0.8791,-2.668,1.9731,8.2313,6.9815,5.3439,-2.0987,2.536,-2.7351,51
1747100391.391288,-14.8153,-38.4461,-57.0155,0.8791,-2.668,1.9731,8.2313,6.9815,5.3439,-2.0987,2.536,-2.7351,51
1747100391.3927932,-14.8153,-38.4461,-57.0155,0.8791,-2.668,1.9731,8.2313,6.9815,5.3439,-2.0987,2.536,-2.7351,51
1747100391.39434,-14.8153,-38.4461,-57.0155,0.8791,-2.668,1.9731,8.2313,6.9815,5.3439,-2.0987,2.536,-2.7351,51
1747100391.395864,-14.8153,-38.4461,-57.0155,0.8791,-2.668,1.9731,8.2313,6.9815,5.3439,-2.0987,2.536,-2.7351,51
1747100391.3974211,-14.8153,-38.4461,-57.0155,0.8791,-2.668,1.9731,8.2313,6.9815,5.3439,-2.0987,2.536,-2.7351,51
1747100391.3989482,-14.8153,-38.4461,-57.0155,0.8791,-2.668,1.9731,8.2313,6.9815,5.3439,-2.0987,2.536,-2.7351,51
1747100391.400259,-14.8153,-38.4461,-57.0155,0.8791,-2.668,1.9731,8.2313,6.9815,5.3439,-2.0987,2.536,-2.7351,51
1747100391.401695,-14.8153,-38.4461,-57.0155,0.8791,-2.668,1.9731,8.2313,6.9815,5.3439,-2.0987,2.536,-2.7351,51
1747100391.4032152,-14.8153,-38.4461,-57.0155,0.8791,-2.668,1.9731,4.8363,7.2449,-3.0598,0.3352,8.401,-0.1628,51
1747100391.404758,-14.8153,-38.4461,-57.0155,0.8791,-2.668,1.9731,4.8363,7.2449,-3.0598,0.3352,8.401,-0.1628,51
1747100391.406315,-14.8153,-38.4461,-57.0155,0.8791,-2.668,1.9731,4.8363,7.2449,-3.0598,0.3352,8.401,-0.1628,51
1747100391.4078238,-14.8153,-38.4461,-57.0155,0.8791,-2.668,1.9731,4.8363,7.2449,-3.0598,0.3352,8.401,-0.1628,51
1747100391.4092312,-14.8153,-38.4461,-57.0155,0.8791,-2.668,1.9731,4.8363,7.2449,-3.0598,0.3352,8.401,-0.1628,51
1747100391.410746,-14.8153,-38.4461,-57.0155,0.8791,-2.668,1.9731,4.8363,7.2449,-3.0598,0.3352,8.401,-0.1628,51
1747100391.4122932,-14.8153,-38.4461,-57.0155,0.8791,-2.668,1.9731,4.8363,7.2449,-3.0598,0.3352,8.401,-0.1628,51
1747100391.4137979,-14.8153,-38.4461,-57.0155,0.8791,-2.668,1.9731,4.8363,7.2449,-3.0598,0.3352,8.401,-0.1628,51
1747100391.415352,-14.8153,-38.4461,-57.0155,0.8791,-2.668,1.9731,4.8363,7.2449,-3.0598,0.3352,8.401,-0.1628,51
1747100391.416855,-14.8153,-38.4461,-57.0155,0.8791,-2.668,1.9731,4.8363,7.2449,-3.0598,0.3352,8.401,-0.1628,51
1747100391.418396,-14.8153,-38.4461,-57.0155,0.8791,-2.668,1.9731,4.8363,7.2449,-3.0598,0.3352,8.401,-0.1628,51
1747100391.4199018,-14.8153,-38.4461,-57.0155,0.8791,-2.668,1.9731,4.8363,7.2449,-3.0598,0.3352,8.401,-0.1628,51
1747100391.4214442,-14.8153,-38.4461,-57.0155,0.8791,-2.668,1.9731,4.8363,7.2449,-3.0598,0.3352,8.401,-0.1628,51
1747100391.423001,-14.8153,-38.4461,-57.0155,0.8791,-2.668,1.9731,4.8363,7.2449,-3.0598,0.3352,8.401,-0.1628,51
1747100391.424395,-14.8153,-38.4461,-57.0155,0.8791,-2.668,1.9731,4.8363,7.2449,-3.0598,0.3352,8.401,-0.1628,51
1747100391.4256918,-14.8153,-38.4461,-57.0155,0.8791,-2.668,1.9731,4.8363,7.2449,-3.0598,0.3352,8.401,-0.1628,51
1747100391.427188,-14.8153,-38.4461,-57.0155,0.8791,-2.668,1.9731,4.8363,7.2449,-3.0598,0.3352,8.401,-0.1628,51
1747100391.428729,-14.8153,-38.4461,-57.0155,0.8791,-2.668,1.9731,4.8363,7.2449,-3.0598,0.3352,8.401,-0.1628,51
1747100391.430058,-14.8153,-38.4461,-57.0155,0.8791,-2.668,1.9731,4.8363,7.2449,-3.0598,0.3352,8.401,-0.1628,51
1747100391.4315772,-14.8153,-38.4461,-57.0155,0.8791,-2.668,1.9731,4.8363,7.2449,-3.0598,0.3352,8.401,-0.1628,51
1747100391.4328902,-14.8153,-38.4461,-57.0155,0.8791,-2.668,1.9731,4.8363,7.2449,-3.0598,0.3352,8.401,-0.1628,51
1747100391.434217,-14.8153,-38.4461,-57.0155,0.8791,-2.668,1.9731,4.8363,7.2449,-3.0598,0.3352,8.401,-0.1628,51
1747100391.435526,-14.8153,-38.4461,-57.0155,0.8791,-2.668,1.9731,4.8363,7.2449,-3.0598,0.3352,8.401,-0.1628,51
1747100391.4369202,-14.8153,-38.4461,-57.0155,0.8791,-2.668,1.9731,4.8363,7.2449,-3.0598,0.3352,8.401,-0.1628,51
1747100391.43842,-14.8153,-38.4461,-57.0155,0.8791,-2.668,1.9731,4.8363,7.2449,-3.0598,0.3352,8.401,-0.1628,51
1747100391.4399219,-14.8153,-38.4461,-57.0155,0.8791,-2.668,1.9731,4.8363,7.2449,-3.0598,0.3352,8.401,-0.1628,51
1747100391.441464,-14.8153,-38.4461,-57.0155,0.8791,-2.668,1.9731,4.8363,7.2449,-3.0598,0.3352,8.401,-0.1628,51
1747100391.442972,-14.8153,-38.4461,-57.0155,0.8791,-2.668,1.9731,4.8363,7.2449,-3.0598,0.3352,8.401,-0.1628,51
1747100391.444531,-14.8153,-38.4461,-57.0155,0.8791,-2.668,1.9731,4.8363,7.2449,-3.0598,0.3352,8.401,-0.1628,51
1747100391.44595,-14.8153,-38.4461,-57.0155,0.8791,-2.668,1.9731,4.8363,7.2449,-3.0598,0.3352,8.401,-0.1628,51
1747100391.447541,156.9016,7.4268,-89.7155,8.0913,-20.2181,15.3259,4.8363,7.2449,-3.0598,0.3352,8.401,-0.1628,51
1747100391.4490712,156.9016,7.4268,-89.7155,8.0913,-20.2181,15.3259,4.8363,7.2449,-3.0598,0.3352,8.401,-0.1628,51
1747100391.4503622,156.9016,7.4268,-89.7155,8.0913,-20.2181,15.3259,4.8363,7.2449,-3.0598,0.3352,8.401,-0.1628,51
1747100391.45189,156.9016,7.4268,-89.7155,8.0913,-20.2181,15.3259,4.8363,7.2449,-3.0598,0.3352,8.401,-0.1628,51
1747100391.453399,156.9016,7.4268,-89.7155,8.0913,-20.2181,15.3259,4.8363,7.2449,-3.0598,0.3352,8.401,-0.1628,51
1747100391.454954,156.9016,7.4268,-89.7155,8.0913,-20.2181,15.3259,4.8363,7.2449,-3.0598,0.3352,8.401,-0.1628,51
1747100391.456467,156.9016,7.4268,-89.7155,8.0913,-20.2181,15.3259,4.8363,7.2449,-3.0598,0.3352,8.401,-0.1628,51
1747100391.458019,156.9016,7.4268,-89.7155,8.0913,-20.2181,15.3259,4.8363,7.2449,-3.0598,0.3352,8.401,-0.1628,51
1747100391.45954,156.9016,7.4268,-89.7155,8.0913,-20.2181,15.3259,4.8363,7.2449,-3.0598,0.3352,8.401,-0.1628,51
1747100391.460993,156.9016,7.4268,-89.7155,8.0913,-20.2181,15.3259,4.8363,7.2449,-3.0598,0.3352,8.401,-0.1628,51
1747100391.46262,156.9016,7.4268,-89.7155,8.0913,-20.2181,15.3259,30.4447,12.2487,-28.7687,-2.9894,13.7413,-1.6687,51
1747100391.464166,156.9016,7.4268,-89.7155,8.0913,-20.2181,15.3259,30.4447,12.2487,-28.7687,-2.9894,13.7413,-1.6687,51
1747100391.4656682,156.9016,7.4268,-89.7155,8.0913,-20.2181,15.3259,30.4447,12.2487,-28.7687,-2.9894,13.7413,-1.6687,51
1747100391.4672132,156.9016,7.4268,-89.7155,8.0913,-20.2181,15.3259,30.4447,12.2487,-28.7687,-2.9894,13.7413,-1.6687,51
1747100391.468718,156.9016,7.4268,-89.7155,8.0913,-20.2181,15.3259,30.4447,12.2487,-28.7687,-2.9894,13.7413,-1.6687,51
1747100391.470266,156.9016,7.4268,-89.7155,8.0913,-20.2181,15.3259,30.4447,12.2487,-28.7687,-2.9894,13.7413,-1.6687,51
1747100391.47178,156.9016,7.4268,-89.7155,8.0913,-20.2181,15.3259,30.4447,12.2487,-28.7687,-2.9894,13.7413,-1.6687,51
1747100391.473336,156.9016,7.4268,-89.7155,8.0913,-20.2181,15.3259,30.4447,12.2487,-28.7687,-2.9894,13.7413,-1.6687,51
1747100391.474834,156.9016,7.4268,-89.7155,8.0913,-20.2181,15.3259,30.4447,12.2487,-28.7687,-2.9894,13.7413,-1.6687,51
1747100391.4760299,156.9016,7.4268,-89.7155,8.0913,-20.2181,15.3259,30.4447,12.2487,-28.7687,-2.9894,13.7413,-1.6687,51
1747100391.477542,156.9016,7.4268,-89.7155,8.0913,-20.2181,15.3259,30.4447,12.2487,-28.7687,-2.9894,13.7413,-1.6687,51
1747100391.479094,156.9016,7.4268,-89.7155,8.0913,-20.2181,15.3259,30.4447,12.2487,-28.7687,-2.9894,13.7413,-1.6687,51
1747100391.480441,156.9016,7.4268,-89.7155,8.0913,-20.2181,15.3259,30.4447,12.2487,-28.7687,-2.9894,13.7413,-1.6687,51
1747100391.482135,156.9016,7.4268,-89.7155,8.0913,-20.2181,15.3259,30.4447,12.2487,-28.7687,-2.9894,13.7413,-1.6687,51
1747100391.4835331,156.9016,7.4268,-89.7155,8.0913,-20.2181,15.3259,30.4447,12.2487,-28.7687,-2.9894,13.7413,-1.6687,51
1747100391.484851,156.9016,7.4268,-89.7155,8.0913,-20.2181,15.3259,30.4447,12.2487,-28.7687,-2.9894,13.7413,-1.6687,51
1747100391.486399,156.9016,7.4268,-89.7155,8.0913,-20.2181,15.3259,30.4447,12.2487,-28.7687,-2.9894,13.7413,-1.6687,51
1747100391.4879391,156.9016,7.4268,-89.7155,8.0913,-20.2181,15.3259,30.4447,12.2487,-28.7687,-2.9894,13.7413,-1.6687,51
1747100391.489506,156.9016,7.4268,-89.7155,8.0913,-20.2181,15.3259,30.4447,12.2487,-28.7687,-2.9894,13.7413,-1.6687,51
1747100391.491043,156.9016,7.4268,-89.7155,8.0913,-20.2181,15.3259,30.4447,12.2487,-28.7687,-2.9894,13.7413,-1.6687,51
1747100391.492621,156.9016,7.4268,-89.7155,8.0913,-20.2181,15.3259,30.4447,12.2487,-28.7687,-2.9894,13.7413,-1.6687,51
1747100391.494171,156.9016,7.4268,-89.7155,8.0913,-20.2181,15.3259,30.4447,12.2487,-28.7687,-2.9894,13.7413,-1.6687,51
1747100391.495741,156.9016,7.4268,-89.7155,8.0913,-20.2181,15.3259,30.4447,12.2487,-28.7687,-2.9894,13.7413,-1.6687,51
1747100391.4972641,156.9016,7.4268,-89.7155,8.0913,-20.2181,15.3259,30.4447,12.2487,-28.7687,-2.9894,13.7413,-1.6687,51
1747100391.498831,156.9016,7.4268,-89.7155,8.0913,-20.2181,15.3259,30.4447,12.2487,-28.7687,-2.9894,13.7413,-1.6687,51
1747100391.500374,156.9016,7.4268,-89.7155,8.0913,-20.2181,15.3259,30.4447,12.2487,-28.7687,-2.9894,13.7413,-1.6687,51
1747100391.501785,156.9016,7.4268,-89.7155,8.0913,-20.2181,15.3259,30.4447,12.2487,-28.7687,-2.9894,13.7413,-1.6687,51
1747100391.5031092,156.9016,7.4268,-89.7155,8.0913,-20.2181,15.3259,30.4447,12.2487,-28.7687,-2.9894,13.7413,-1.6687,51
1747100391.504521,156.9016,7.4268,-89.7155,8.0913,-20.2181,15.3259,30.4447,12.2487,-28.7687,-2.9894,13.7413,-1.6687,51
1747100391.5058858,156.9016,7.4268,-89.7155,8.0913,-20.2181,15.3259,30.4447,12.2487,-28.7687,-2.9894,13.7413,-1.6687,51
1747100391.507444,156.9016,7.4268,-89.7155,8.0913,-20.2181,15.3259,30.4447,12.2487,-28.7687,-2.9894,13.7413,-1.6687,51
1747100391.508938,122.2001,156.9016,-74.498,20.8471,-13.7477,10.5497,30.4447,12.2487,-28.7687,-2.9894,13.7413,-1.6687,51
1747100391.5105002,122.2001,156.9016,-74.498,20.8471,-13.7477,10.5497,30.4447,12.2487,-28.7687,-2.9894,13.7413,-1.6687,51
1747100391.512075,122.2001,156.9016,-74.498,20.8471,-13.7477,10.5497,30.4447,12.2487,-28.7687,-2.9894,13.7413,-1.6687,51
1747100391.513607,122.2001,156.9016,-74.498,20.8471,-13.7477,10.5497,30.4447,12.2487,-28.7687,-2.9894,13.7413,-1.6687,51
1747100391.515187,122.2001,156.9016,-74.498,20.8471,-13.7477,10.5497,30.4447,12.2487,-28.7687,-2.9894,13.7413,-1.6687,51
1747100391.516746,122.2001,156.9016,-74.498,20.8471,-13.7477,10.5497,30.4447,12.2487,-28.7687,-2.9894,13.7413,-1.6687,51
1747100391.518374,122.2001,156.9016,-74.498,20.8471,-13.7477,10.5497,30.4447,12.2487,-28.7687,-2.9894,13.7413,-1.6687,51
1747100391.519999,122.2001,156.9016,-74.498,20.8471,-13.7477,10.5497,30.4447,12.2487,-28.7687,-2.9894,13.7413,-1.6687,51
1747100391.521719,122.2001,156.9016,-74.498,20.8471,-13.7477,10.5497,30.4447,12.2487,-28.7687,-2.9894,13.7413,-1.6687,51
1747100391.5231621,122.2001,156.9016,-74.498,20.8471,-13.7477,10.5497,-41.1372,6.268,-58.1264,1.5516,8.0807,-4.7433,51
1747100391.524703,122.2001,156.9016,-74.498,20.8471,-13.7477,10.5497,-41.1372,6.268,-58.1264,1.5516,8.0807,-4.7433,51
1747100391.5262458,122.2001,156.9016,-74.498,20.8471,-13.7477,10.5497,-41.1372,6.268,-58.1264,1.5516,8.0807,-4.7433,51
1747100391.527781,122.2001,156.9016,-74.498,20.8471,-13.7477,10.5497,-41.1372,6.268,-58.1264,1.5516,8.0807,-4.7433,51
1747100391.529284,122.2001,156.9016,-74.498,20.8471,-13.7477,10.5497,-41.1372,6.268,-58.1264,1.5516,8.0807,-4.7433,51
1747100391.530837,122.2001,156.9016,-74.498,20.8471,-13.7477,10.5497,-41.1372,6.268,-58.1264,1.5516,8.0807,-4.7433,51
1747100391.532356,122.2001,156.9016,-74.498,20.8471,-13.7477,10.5497,-41.1372,6.268,-58.1264,1.5516,8.0807,-4.7433,51
1747100391.5338979,122.2001,156.9016,-74.498,20.8471,-13.7477,10.5497,-41.1372,6.268,-58.1264,1.5516,8.0807,-4.7433,51
1747100391.535423,122.2001,156.9016,-74.498,20.8471,-13.7477,10.5497,-41.1372,6.268,-58.1264,1.5516,8.0807,-4.7433,51
1747100391.53697,122.2001,156.9016,-74.498,20.8471,-13.7477,10.5497,-41.1372,6.268,-58.1264,1.5516,8.0807,-4.7433,51
1747100391.538474,122.2001,156.9016,-74.498,20.8471,-13.7477,10.5497,-41.1372,6.268,-58.1264,1.5516,8.0807,-4.7433,51
1747100391.540027,122.2001,156.9016,-74.498,20.8471,-13.7477,10.5497,-41.1372,6.268,-58.1264,1.5516,8.0807,-4.7433,51
1747100391.541623,122.2001,156.9016,-74.498,20.8471,-13.7477,10.5497,-41.1372,6.268,-58.1264,1.5516,8.0807,-4.7433,51
1747100391.543146,122.2001,156.9016,-74.498,20.8471,-13.7477,10.5497,-41.1372,6.268,-58.1264,1.5516,8.0807,-4.7433,51
1747100391.5444648,122.2001,156.9016,-74.498,20.8471,-13.7477,10.5497,-41.1372,6.268,-58.1264,1.5516,8.0807,-4.7433,51
1747100391.545803,122.2001,156.9016,-74.498,20.8471,-13.7477,10.5497,-41.1372,6.268,-58.1264,1.5516,8.0807,-4.7433,51
1747100391.5473511,122.2001,156.9016,-74.498,20.8471,-13.7477,10.5497,-41.1372,6.268,-58.1264,1.5516,8.0807,-4.7433,51
1747100391.548884,122.2001,156.9016,-74.498,20.8471,-13.7477,10.5497,-41.1372,6.268,-58.1264,1.5516,8.0807,-4.7433,51
1747100391.5504599,122.2001,156.9016,-74.498,20.8471,-13.7477,10.5497,-41.1372,6.268,-58.1264,1.5516,8.0807,-4.7433,51
1747100391.552035,122.2001,156.9016,-74.498,20.8471,-13.7477,10.5497,-41.1372,6.268,-58.1264,1.5516,8.0807,-4.7433,51
1747100391.5535061,122.2001,156.9016,-74.498,20.8471,-13.7477,10.5497,-41.1372,6.268,-58.1264,1.5516,8.0807,-4.7433,51
1747100391.5549629,122.2001,156.9016,-74.498,20.8471,-13.7477,10.5497,-41.1372,6.268,-58.1264,1.5516,8.0807,-4.7433,51
1747100391.556494,122.2001,156.9016,-74.498,20.8471,-13.7477,10.5497,-41.1372,6.268,-58.1264,1.5516,8.0807,-4.7433,51
1747100391.558078,122.2001,156.9016,-74.498,20.8471,-13.7477,10.5497,-41.1372,6.268,-58.1264,1.5516,8.0807,-4.7433,51
1747100391.559626,122.2001,156.9016,-74.498,20.8471,-13.7477,10.5497,-41.1372,6.268,-58.1264,1.5516,8.0807,-4.7433,51
1747100391.5611892,122.2001,156.9016,-74.498,20.8471,-13.7477,10.5497,-41.1372,6.268,-58.1264,1.5516,8.0807,-4.7433,51
1747100391.562727,122.2001,156.9016,-74.498,20.8471,-13.7477,10.5497,-41.1372,6.268,-58.1264,1.5516,8.0807,-4.7433,51
1747100391.5643039,122.2001,156.9016,-74.498,20.8471,-13.7477,10.5497,-41.1372,6.268,-58.1264,1.5516,8.0807,-4.7433,51
1747100391.565908,122.2001,156.9016,-74.498,20.8471,-13.7477,10.5497,-41.1372,6.268,-58.1264,1.5516,8.0807,-4.7433,51
1747100391.567265,122.2001,156.9016,-74.498,20.8471,-13.7477,10.5497,-41.1372,6.268,-58.1264,1.5516,8.0807,-4.7433,51
1747100391.568833,-156.9064,-147.3679,-52.3277,21.0887,-22.7595,-34.8725,-41.1372,6.268,-58.1264,1.5516,8.0807,-4.7433,51
1747100391.5702631,-156.9064,-147.3679,-52.3277,21.0887,-22.7595,-34.8725,-41.1372,6.268,-58.1264,1.5516,8.0807,-4.7433,51
1747100391.571817,-156.9064,-147.3679,-52.3277,21.0887,-22.7595,-34.8725,-41.1372,6.268,-58.1264,1.5516,8.0807,-4.7433,51
1747100391.573324,-156.9064,-147.3679,-52.3277,21.0887,-22.7595,-34.8725,-41.1372,6.268,-58.1264,1.5516,8.0807,-4.7433,51
1747100391.574879,-156.9064,-147.3679,-52.3277,21.0887,-22.7595,-34.8725,-41.1372,6.268,-58.1264,1.5516,8.0807,-4.7433,51
1747100391.576393,-156.9064,-147.3679,-52.3277,21.0887,-22.7595,-34.8725,-41.1372,6.268,-58.1264,1.5516,8.0807,-4.7433,51
1747100391.577944,-156.9064,-147.3679,-52.3277,21.0887,-22.7595,-34.8725,-41.1372,6.268,-58.1264,1.5516,8.0807,-4.7433,51
1747100391.579463,-156.9064,-147.3679,-52.3277,21.0887,-22.7595,-34.8725,-41.1372,6.268,-58.1264,1.5516,8.0807,-4.7433,51
1747100391.580829,-156.9064,-147.3679,-52.3277,21.0887,-22.7595,-34.8725,-41.1372,6.268,-58.1264,1.5516,8.0807,-4.7433,51
1747100391.5824552,-156.9064,-147.3679,-52.3277,21.0887,-22.7595,-34.8725,-33.3129,7.5034,-28.1127,5.3445,-2.0795,-4.1696,51
1747100391.584001,-156.9064,-147.3679,-52.3277,21.0887,-22.7595,-34.8725,-33.3129,7.5034,-28.1127,5.3445,-2.0795,-4.1696,51
1747100391.585522,-156.9064,-147.3679,-52.3277,21.0887,-22.7595,-34.8725,-33.3129,7.5034,-28.1127,5.3445,-2.0795,-4.1696,51
1747100391.587061,-156.9064,-147.3679,-52.3277,21.0887,-22.7595,-34.8725,-33.3129,7.5034,-28.1127,5.3445,-2.0795,-4.1696,51
1747100391.5885692,-156.9064,-147.3679,-52.3277,21.0887,-22.7595,-34.8725,-33.3129,7.5034,-28.1127,5.3445,-2.0795,-4.1696,51
1747100391.5901241,-156.9064,-147.3679,-52.3277,21.0887,-22.7595,-34.8725,-33.3129,7.5034,-28.1127,5.3445,-2.0795,-4.1696,51
1747100391.591636,-156.9064,-147.3679,-52.3277,21.0887,-22.7595,-34.8725,-33.3129,7.5034,-28.1127,5.3445,-2.0795,-4.1696,51
1747100391.59319,-156.9064,-147.3679,-52.3277,21.0887,-22.7595,-34.8725,-33.3129,7.5034,-28.1127,5.3445,-2.0795,-4.1696,51
1747100391.594704,-156.9064,-147.3679,-52.3277,21.0887,-22.7595,-34.8725,-33.3129,7.5034,-28.1127,5.3445,-2.0795,-4.1696,51
1747100391.5962508,-156.9064,-147.3679,-52.3277,21.0887,-22.7595,-34.8725,-33.3129,7.5034,-28.1127,5.3445,-2.0795,-4.1696,51
1747100391.597779,-156.9064,-147.3679,-52.3277,21.0887,-22.7595,-34.8725,-33.3129,7.5034,-28.1127,5.3445,-2.0795,-4.1696,51
1747100391.5993369,-156.9064,-147.3679,-52.3277,21.0887,-22.7595,-34.8725,-33.3129,7.5034,-28.1127,5.3445,-2.0795,-4.1696,51
1747100391.600846,-156.9064,-147.3679,-52.3277,21.0887,-22.7595,-34.8725,-33.3129,7.5034,-28.1127,5.3445,-2.0795,-4.1696,51
1747100391.602388,-156.9064,-147.3679,-52.3277,21.0887,-22.7595,-34.8725,-33.3129,7.5034,-28.1127,5.3445,-2.0795,-4.1696,51
1747100391.603764,-156.9064,-147.3679,-52.3277,21.0887,-22.7595,-34.8725,-33.3129,7.5034,-28.1127,5.3445,-2.0795,-4.1696,51
1747100391.605054,-156.9064,-147.3679,-52.3277,21.0887,-22.7595,-34.8725,-33.3129,7.5034,-28.1127,5.3445,-2.0795,-4.1696,51
1747100391.606577,-156.9064,-147.3679,-52.3277,21.0887,-22.7595,-34.8725,-33.3129,7.5034,-28.1127,5.3445,-2.0795,-4.1696,51
1747100391.6080909,-156.9064,-147.3679,-52.3277,21.0887,-22.7595,-34.8725,-33.3129,7.5034,-28.1127,5.3445,-2.0795,-4.1696,51
1747100391.609646,-156.9064,-147.3679,-52.3277,21.0887,-22.7595,-34.8725,-33.3129,7.5034,-28.1127,5.3445,-2.0795,-4.1696,51
1747100391.611149,-156.9064,-147.3679,-52.3277,21.0887,-22.7595,-34.8725,-33.3129,7.5034,-28.1127,5.3445,-2.0795,-4.1696,51
1747100391.6126971,-156.9064,-147.3679,-52.3277,21.0887,-22.7595,-34.8725,-33.3129,7.5034,-28.1127,5.3445,-2.0795,-4.1696,51
1747100391.614298,-156.9064,-147.3679,-52.3277,21.0887,-22.7595,-34.8725,-33.3129,7.5034,-28.1127,5.3445,-2.0795,-4.1696,51
1747100391.615915,-156.9064,-147.3679,-52.3277,21.0887,-22.7595,-34.8725,-33.3129,7.5034,-28.1127,5.3445,-2.0795,-4.1696,51
1747100391.617522,-156.9064,-147.3679,-52.3277,21.0887,-22.7595,-34.8725,-33.3129,7.5034,-28.1127,5.3445,-2.0795,-4.1696,51
1747100391.6191418,-156.9064,-147.3679,-52.3277,21.0887,-22.7595,-34.8725,-33.3129,7.5034,-28.1127,5.3445,-2.0795,-4.1696,51
1747100391.6206238,-156.9064,-147.3679,-52.3277,21.0887,-22.7595,-34.8725,-33.3129,7.5034,-28.1127,5.3445,-2.0795,-4.1696,51
1747100391.62206,-156.9064,-147.3679,-52.3277,21.0887,-22.7595,-34.8725,-33.3129,7.5034,-28.1127,5.3445,-2.0795,-4.1696,51
1747100391.623285,-156.9064,-147.3679,-52.3277,21.0887,-22.7595,-34.8725,-33.3129,7.5034,-28.1127,5.3445,-2.0795,-4.1696,51
1747100391.6249862,-156.9064,-147.3679,-52.3277,21.0887,-22.7595,-34.8725,-33.3129,7.5034,-28.1127,5.3445,-2.0795,-4.1696,51
1747100391.626519,-156.9064,-147.3679,-52.3277,21.0887,-22.7595,-34.8725,-33.3129,7.5034,-28.1127,5.3445,-2.0795,-4.1696,51
1747100391.627681,87.1681,103.827,-29.0465,8.2414,34.8715,-25.1732,-33.3129,7.5034,-28.1127,5.3445,-2.0795,-4.1696,51
1747100391.629258,87.1681,103.827,-29.0465,8.2414,34.8715,-25.1732,-33.3129,7.5034,-28.1127,5.3445,-2.0795,-4.1696,51
1747100391.63079,87.1681,103.827,-29.0465,8.2414,34.8715,-25.1732,-33.3129,7.5034,-28.1127,5.3445,-2.0795,-4.1696,51
1747100391.6323662,87.1681,103.827,-29.0465,8.2414,34.8715,-25.1732,-33.3129,7.5034,-28.1127,5.3445,-2.0795,-4.1696,51
1747100391.6339,87.1681,103.827,-29.0465,8.2414,34.8715,-25.1732,-33.3129,7.5034,-28.1127,5.3445,-2.0795,-4.1696,51
1747100391.6355011,87.1681,103.827,-29.0465,8.2414,34.8715,-25.1732,-33.3129,7.5034,-28.1127,5.3445,-2.0795,-4.1696,51
1747100391.6369731,87.1681,103.827,-29.0465,8.2414,34.8715,-25.1732,-33.3129,7.5034,-28.1127,5.3445,-2.0795,-4.1696,51
1747100391.638539,87.1681,103.827,-29.0465,8.2414,34.8715,-25.1732,-33.3129,7.5034,-28.1127,5.3445,-2.0795,-4.1696,51
1747100391.640277,87.1681,103.827,-29.0465,8.2414,34.8715,-25.1732,-33.3129,7.5034,-28.1127,5.3445,-2.0795,-4.1696,51
1747100391.6417558,87.1681,103.827,-29.0465,8.2414,34.8715,-25.1732,-33.3129,7.5034,-28.1127,5.3445,-2.0795,-4.1696,51
1747100391.643256,87.1681,103.827,-29.0465,8.2414,34.8715,-25.1732,-3.2322,-23.4297,-3.5913,0.0745,-0.2022,-1.1153,51
1747100391.644871,87.1681,103.827,-29.0465,8.2414,34.8715,-25.1732,-3.2322,-23.4297,-3.5913,0.0745,-0.2022,-1.1153,51
1747100391.646446,87.1681,103.827,-29.0465,8.2414,34.8715,-25.1732,-3.2322,-23.4297,-3.5913,0.0745,-0.2022,-1.1153,51
1747100391.6479821,87.1681,103.827,-29.0465,8.2414,34.8715,-25.1732,-3.2322,-23.4297,-3.5913,0.0745,-0.2022,-1.1153,51
1747100391.6495569,87.1681,103.827,-29.0465,8.2414,34.8715,-25.1732,-3.2322,-23.4297,-3.5913,0.0745,-0.2022,-1.1153,51
1747100391.651093,87.1681,103.827,-29.0465,8.2414,34.8715,-25.1732,-3.2322,-23.4297,-3.5913,0.0745,-0.2022,-1.1153,51
1747100391.652656,87.1681,103.827,-29.0465,8.2414,34.8715,-25.1732,-3.2322,-23.4297,-3.5913,0.0745,-0.2022,-1.1153,51
1747100391.654193,87.1681,103.827,-29.0465,8.2414,34.8715,-25.1732,-3.2322,-23.4297,-3.5913,0.0745,-0.2022,-1.1153,51
1747100391.655769,87.1681,103.827,-29.0465,8.2414,34.8715,-25.1732,-3.2322,-23.4297,-3.5913,0.0745,-0.2022,-1.1153,51
1747100391.6573749,87.1681,103.827,-29.0465,8.2414,34.8715,-25.1732,-3.2322,-23.4297,-3.5913,0.0745,-0.2022,-1.1153,51
1747100391.658994,87.1681,103.827,-29.0465,8.2414,34.8715,-25.1732,-3.2322,-23.4297,-3.5913,0.0745,-0.2022,-1.1153,51
1747100391.660618,87.1681,103.827,-29.0465,8.2414,34.8715,-25.1732,-3.2322,-23.4297,-3.5913,0.0745,-0.2022,-1.1153,51
1747100391.662095,87.1681,103.827,-29.0465,8.2414,34.8715,-25.1732,-3.2322,-23.4297,-3.5913,0.0745,-0.2022,-1.1153,51
1747100391.663452,87.1681,103.827,-29.0465,8.2414,34.8715,-25.1732,-3.2322,-23.4297,-3.5913,0.0745,-0.2022,-1.1153,51
1747100391.66479,87.1681,103.827,-29.0465,8.2414,34.8715,-25.1732,-3.2322,-23.4297,-3.5913,0.0745,-0.2022,-1.1153,51
1747100391.666348,87.1681,103.827,-29.0465,8.2414,34.8715,-25.1732,-3.2322,-23.4297,-3.5913,0.0745,-0.2022,-1.1153,51
1747100391.667896,87.1681,103.827,-29.0465,8.2414,34.8715,-25.1732,-3.2322,-23.4297,-3.5913,0.0745,-0.2022,-1.1153,51
1747100391.669439,87.1681,103.827,-29.0465,8.2414,34.8715,-25.1732,-3.2322,-23.4297,-3.5913,0.0745,-0.2022,-1.1153,51
1747100391.670851,87.1681,103.827,-29.0465,8.2414,34.8715,-25.1732,-3.2322,-23.4297,-3.5913,0.0745,-0.2022,-1.1153,51
1747100391.672281,87.1681,103.827,-29.0465,8.2414,34.8715,-25.1732,-3.2322,-23.4297,-3.5913,0.0745,-0.2022,-1.1153,51
1747100391.673524,87.1681,103.827,-29.0465,8.2414,34.8715,-25.1732,-3.2322,-23.4297,-3.5913,0.0745,-0.2022,-1.1153,51
1747100391.67507,87.1681,103.827,-29.0465,8.2414,34.8715,-25.1732,-3.2322,-23.4297,-3.5913,0.0745,-0.2022,-1.1153,51
1747100391.67661,87.1681,103.827,-29.0465,8.2414,34.8715,-25.1732,-3.2322,-23.4297,-3.5913,0.0745,-0.2022,-1.1153,51
1747100391.678187,87.1681,103.827,-29.0465,8.2414,34.8715,-25.1732,-3.2322,-23.4297,-3.5913,0.0745,-0.2022,-1.1153,51
1747100391.679727,87.1681,103.827,-29.0465,8.2414,34.8715,-25.1732,-3.2322,-23.4297,-3.5913,0.0745,-0.2022,-1.1153,51
1747100391.681309,87.1681,103.827,-29.0465,8.2414,34.8715,-25.1732,-3.2322,-23.4297,-3.5913,0.0745,-0.2022,-1.1153,51
1747100391.682841,87.1681,103.827,-29.0465,8.2414,34.8715,-25.1732,-3.2322,-23.4297,-3.5913,0.0745,-0.2022,-1.1153,51
1747100391.6844108,87.1681,103.827,-29.0465,8.2414,34.8715,-25.1732,-3.2322,-23.4297,-3.5913,0.0745,-0.2022,-1.1153,51
1747100391.685885,87.1681,103.827,-29.0465,8.2414,34.8715,-25.1732,-3.2322,-23.4297,-3.5913,0.0745,-0.2022,-1.1153,51
1747100391.6872818,87.1681,103.827,-29.0465,8.2414,34.8715,-25.1732,-3.2322,-23.4297,-3.5913,0.0745,-0.2022,-1.1153,51
1747100391.688781,-14.279,-6.3111,-42.0565,7.6752,7.4017,14.6044,-3.2322,-23.4297,-3.5913,0.0745,-0.2022,-1.1153,51
1747100391.690356,-14.279,-6.3111,-42.0565,7.6752,7.4017,14.6044,-3.2322,-23.4297,-3.5913,0.0745,-0.2022,-1.1153,51
1747100391.691933,-14.279,-6.3111,-42.0565,7.6752,7.4017,14.6044,-3.2322,-23.4297,-3.5913,0.0745,-0.2022,-1.1153,51
1747100391.6934679,-14.279,-6.3111,-42.0565,7.6752,7.4017,14.6044,-3.2322,-23.4297,-3.5913,0.0745,-0.2022,-1.1153,51
1747100391.6950378,-14.279,-6.3111,-42.0565,7.6752,7.4017,14.6044,-3.2322,-23.4297,-3.5913,0.0745,-0.2022,-1.1153,51
1747100391.696567,-14.279,-6.3111,-42.0565,7.6752,7.4017,14.6044,-3.2322,-23.4297,-3.5913,0.0745,-0.2022,-1.1153,51
1747100391.698139,-14.279,-6.3111,-42.0565,7.6752,7.4017,14.6044,-3.2322,-23.4297,-3.5913,0.0745,-0.2022,-1.1153,51
1747100391.6996732,-14.279,-6.3111,-42.0565,7.6752,7.4017,14.6044,-3.2322,-23.4297,-3.5913,0.0745,-0.2022,-1.1153,51
1747100391.70093,-14.279,-6.3111,-42.0565,7.6752,7.4017,14.6044,-3.2322,-23.4297,-3.5913,0.0745,-0.2022,-1.1153,51
1747100391.7023308,-14.279,-6.3111,-42.0565,7.6752,7.4017,14.6044,-3.2322,-23.4297,-3.5913,0.0745,-0.2022,-1.1153,51
1747100391.703809,-14.279,-6.3111,-42.0565,7.6752,7.4017,14.6044,-12.6653,10.9223,-11.9614,-0.8578,-0.116,-3.2225,51
1747100391.705406,-14.279,-6.3111,-42.0565,7.6752,7.4017,14.6044,-12.6653,10.9223,-11.9614,-0.8578,-0.116,-3.2225,51
1747100391.7069929,-14.279,-6.3111,-42.0565,7.6752,7.4017,14.6044,-12.6653,10.9223,-11.9614,-0.8578,-0.116,-3.2225,51
1747100391.708568,-14.279,-6.3111,-42.0565,7.6752,7.4017,14.6044,-12.6653,10.9223,-11.9614,-0.8578,-0.116,-3.2225,51
1747100391.710098,-14.279,-6.3111,-42.0565,7.6752,7.4017,14.6044,-12.6653,10.9223,-11.9614,-0.8578,-0.116,-3.2225,51
1747100391.711661,-14.279,-6.3111,-42.0565,7.6752,7.4017,14.6044,-12.6653,10.9223,-11.9614,-0.8578,-0.116,-3.2225,51
1747100391.7132668,-14.279,-6.3111,-42.0565,7.6752,7.4017,14.6044,-12.6653,10.9223,-11.9614,-0.8578,-0.116,-3.2225,51
1747100391.714897,-14.279,-6.3111,-42.0565,7.6752,7.4017,14.6044,-12.6653,10.9223,-11.9614,-0.8578,-0.116,-3.2225,51
1747100391.7165172,-14.279,-6.3111,-42.0565,7.6752,7.4017,14.6044,-12.6653,10.9223,-11.9614,-0.8578,-0.116,-3.2225,51
1747100391.718139,-14.279,-6.3111,-42.0565,7.6752,7.4017,14.6044,-12.6653,10.9223,-11.9614,-0.8578,-0.116,-3.2225,51
1747100391.7197618,-14.279,-6.3111,-42.0565,7.6752,7.4017,14.6044,-12.6653,10.9223,-11.9614,-0.8578,-0.116,-3.2225,51
1747100391.7213728,-14.279,-6.3111,-42.0565,7.6752,7.4017,14.6044,-12.6653,10.9223,-11.9614,-0.8578,-0.116,-3.2225,51
1747100391.723135,-14.279,-6.3111,-42.0565,7.6752,7.4017,14.6044,-12.6653,10.9223,-11.9614,-0.8578,-0.116,-3.2225,51
1747100391.724554,-14.279,-6.3111,-42.0565,7.6752,7.4017,14.6044,-12.6653,10.9223,-11.9614,-0.8578,-0.116,-3.2225,51
1747100391.7258759,-14.279,-6.3111,-42.0565,7.6752,7.4017,14.6044,-12.6653,10.9223,-11.9614,-0.8578,-0.116,-3.2225,51
1747100391.727432,-14.279,-6.3111,-42.0565,7.6752,7.4017,14.6044,-12.6653,10.9223,-11.9614,-0.8578,-0.116,-3.2225,51
1747100391.72903,-14.279,-6.3111,-42.0565,7.6752,7.4017,14.6044,-12.6653,10.9223,-11.9614,-0.8578,-0.116,-3.2225,51
1747100391.7305741,-14.279,-6.3111,-42.0565,7.6752,7.4017,14.6044,-12.6653,10.9223,-11.9614,-0.8578,-0.116,-3.2225,51
1747100391.732148,-14.279,-6.3111,-42.0565,7.6752,7.4017,14.6044,-12.6653,10.9223,-11.9614,-0.8578,-0.116,-3.2225,51
1747100391.733676,-14.279,-6.3111,-42.0565,7.6752,7.4017,14.6044,-12.6653,10.9223,-11.9614,-0.8578,-0.116,-3.2225,51
1747100391.735245,-14.279,-6.3111,-42.0565,7.6752,7.4017,14.6044,-12.6653,10.9223,-11.9614,-0.8578,-0.116,-3.2225,51
1747100391.7367868,-14.279,-6.3111,-42.0565,7.6752,7.4017,14.6044,-12.6653,10.9223,-11.9614,-0.8578,-0.116,-3.2225,51
1747100391.738206,-14.279,-6.3111,-42.0565,7.6752,7.4017,14.6044,-12.6653,10.9223,-11.9614,-0.8578,-0.116,-3.2225,51
1747100391.739552,-14.279,-6.3111,-42.0565,7.6752,7.4017,14.6044,-12.6653,10.9223,-11.9614,-0.8578,-0.116,-3.2225,51
1747100391.740802,-14.279,-6.3111,-42.0565,7.6752,7.4017,14.6044,-12.6653,10.9223,-11.9614,-0.8578,-0.116,-3.2225,51
1747100391.7423658,-14.279,-6.3111,-42.0565,7.6752,7.4017,14.6044,-12.6653,10.9223,-11.9614,-0.8578,-0.116,-3.2225,51
1747100391.743932,-14.279,-6.3111,-42.0565,7.6752,7.4017,14.6044,-12.6653,10.9223,-11.9614,-0.8578,-0.116,-3.2225,51
1747100391.745271,-14.279,-6.3111,-42.0565,7.6752,7.4017,14.6044,-12.6653,10.9223,-11.9614,-0.8578,-0.116,-3.2225,51
1747100391.746562,-14.279,-6.3111,-42.0565,7.6752,7.4017,14.6044,-12.6653,10.9223,-11.9614,-0.8578,-0.116,-3.2225,51
1747100391.747948,86.8568,58.5478,-34.6297,3.1043,-7.0122,7.6528,-12.6653,10.9223,-11.9614,-0.8578,-0.116,-3.2225,51
1747100391.749512,86.8568,58.5478,-34.6297,3.1043,-7.0122,7.6528,-12.6653,10.9223,-11.9614,-0.8578,-0.116,-3.2225,51
1747100391.751085,86.8568,58.5478,-34.6297,3.1043,-7.0122,7.6528,-12.6653,10.9223,-11.9614,-0.8578,-0.116,-3.2225,51
1747100391.7526321,86.8568,58.5478,-34.6297,3.1043,-7.0122,7.6528,-12.6653,10.9223,-11.9614,-0.8578,-0.116,-3.2225,51
1747100391.7542012,86.8568,58.5478,-34.6297,3.1043,-7.0122,7.6528,-12.6653,10.9223,-11.9614,-0.8578,-0.116,-3.2225,51
1747100391.755736,86.8568,58.5478,-34.6297,3.1043,-7.0122,7.6528,-12.6653,10.9223,-11.9614,-0.8578,-0.116,-3.2225,51
1747100391.7573051,86.8568,58.5478,-34.6297,3.1043,-7.0122,7.6528,-12.6653,10.9223,-11.9614,-0.8578,-0.116,-3.2225,51
1747100391.758862,86.8568,58.5478,-34.6297,3.1043,-7.0122,7.6528,-12.6653,10.9223,-11.9614,-0.8578,-0.116,-3.2225,51
1747100391.7602189,86.8568,58.5478,-34.6297,3.1043,-7.0122,7.6528,-12.6653,10.9223,-11.9614,-0.8578,-0.116,-3.2225,51
1747100391.7616482,86.8568,58.5478,-34.6297,3.1043,-7.0122,7.6528,-12.6653,10.9223,-11.9614,-0.8578,-0.116,-3.2225,51
1747100391.7631218,86.8568,58.5478,-34.6297,3.1043,-7.0122,7.6528,5.0805,4.7118,-5.952,0.3533,1.7719,0.6375,51
1747100391.764721,86.8568,58.5478,-34.6297,3.1043,-7.0122,7.6528,5.0805,4.7118,-5.952,0.3533,1.7719,0.6375,51
1747100391.766249,86.8568,58.5478,-34.6297,3.1043,-7.0122,7.6528,5.0805,4.7118,-5.952,0.3533,1.7719,0.6375,51
1747100391.767817,86.8568,58.5478,-34.6297,3.1043,-7.0122,7.6528,5.0805,4.7118,-5.952,0.3533,1.7719,0.6375,51
1747100391.7693608,86.8568,58.5478,-34.6297,3.1043,-7.0122,7.6528,5.0805,4.7118,-5.952,0.3533,1.7719,0.6375,51
1747100391.770944,86.8568,58.5478,-34.6297,3.1043,-7.0122,7.6528,5.0805,4.7118,-5.952,0.3533,1.7719,0.6375,51
1747100391.772483,86.8568,58.5478,-34.6297,3.1043,-7.0122,7.6528,5.0805,4.7118,-5.952,0.3533,1.7719,0.6375,51
1747100391.774057,86.8568,58.5478,-34.6297,3.1043,-7.0122,7.6528,5.0805,4.7118,-5.952,0.3533,1.7719,0.6375,51
1747100391.7755861,86.8568,58.5478,-34.6297,3.1043,-7.0122,7.6528,5.0805,4.7118,-5.952,0.3533,1.7719,0.6375,51
1747100391.7771468,86.8568,58.5478,-34.6297,3.1043,-7.0122,7.6528,5.0805,4.7118,-5.952,0.3533,1.7719,0.6375,51
1747100391.7786791,86.8568,58.5478,-34.6297,3.1043,-7.0122,7.6528,5.0805,4.7118,-5.952,0.3533,1.7719,0.6375,51
1747100391.780139,86.8568,58.5478,-34.6297,3.1043,-7.0122,7.6528,5.0805,4.7118,-5.952,0.3533,1.7719,0.6375,51
1747100391.781745,86.8568,58.5478,-34.6297,3.1043,-7.0122,7.6528,5.0805,4.7118,-5.952,0.3533,1.7719,0.6375,51
1747100391.7831511,86.8568,58.5478,-34.6297,3.1043,-7.0122,7.6528,5.0805,4.7118,-5.952,0.3533,1.7719,0.6375,51
1747100391.784467,86.8568,58.5478,-34.6297,3.1043,-7.0122,7.6528,5.0805,4.7118,-5.952,0.3533,1.7719,0.6375,51
1747100391.785964,86.8568,58.5478,-34.6297,3.1043,-7.0122,7.6528,5.0805,4.7118,-5.952,0.3533,1.7719,0.6375,51
1747100391.7874718,86.8568,58.5478,-34.6297,3.1043,-7.0122,7.6528,5.0805,4.7118,-5.952,0.3533,1.7719,0.6375,51
1747100391.788865,86.8568,58.5478,-34.6297,3.1043,-7.0122,7.6528,5.0805,4.7118,-5.952,0.3533,1.7719,0.6375,51
1747100391.790281,86.8568,58.5478,-34.6297,3.1043,-7.0122,7.6528,5.0805,4.7118,-5.952,0.3533,1.7719,0.6375,51
1747100391.7918239,86.8568,58.5478,-34.6297,3.1043,-7.0122,7.6528,5.0805,4.7118,-5.952,0.3533,1.7719,0.6375,51
1747100391.793361,86.8568,58.5478,-34.6297,3.1043,-7.0122,7.6528,5.0805,4.7118,-5.952,0.3533,1.7719,0.6375,51
1747100391.794924,86.8568,58.5478,-34.6297,3.1043,-7.0122,7.6528,5.0805,4.7118,-5.952,0.3533,1.7719,0.6375,51
1747100391.796438,86.8568,58.5478,-34.6297,3.1043,-7.0122,7.6528,5.0805,4.7118,-5.952,0.3533,1.7719,0.6375,51
1747100391.798136,86.8568,58.5478,-34.6297,3.1043,-7.0122,7.6528,5.0805,4.7118,-5.952,0.3533,1.7719,0.6375,51
1747100391.7996821,86.8568,58.5478,-34.6297,3.1043,-7.0122,7.6528,5.0805,4.7118,-5.952,0.3533,1.7719,0.6375,51
1747100391.8012328,86.8568,58.5478,-34.6297,3.1043,-7.0122,7.6528,5.0805,4.7118,-5.952,0.3533,1.7719,0.6375,51
1747100391.8027341,86.8568,58.5478,-34.6297,3.1043,-7.0122,7.6528,5.0805,4.7118,-5.952,0.3533,1.7719,0.6375,51
1747100391.804286,86.8568,58.5478,-34.6297,3.1043,-7.0122,7.6528,5.0805,4.7118,-5.952,0.3533,1.7719,0.6375,51
1747100391.805676,86.8568,58.5478,-34.6297,3.1043,-7.0122,7.6528,5.0805,4.7118,-5.952,0.3533,1.7719,0.6375,51
1747100391.8072178,86.8568,58.5478,-34.6297,3.1043,-7.0122,7.6528,5.0805,4.7118,-5.952,0.3533,1.7719,0.6375,51
1747100391.808749,86.8568,58.5478,-34.6297,3.1043,-7.0122,7.6528,5.0805,4.7118,-5.952,0.3533,1.7719,0.6375,51
1747100391.810252,86.8568,58.5478,-34.6297,3.1043,-7.0122,7.6528,5.0805,4.7118,-5.952,0.3533,1.7719,0.6375,51
1747100391.811789,86.8568,58.5478,-34.6297,3.1043,-7.0122,7.6528,5.0805,4.7118,-5.952,0.3533,1.7719,0.6375,51
1747100391.8133,86.8568,58.5478,-34.6297,3.1043,-7.0122,7.6528,5.0805,4.7118,-5.952,0.3533,1.7719,0.6375,51
1747100391.814858,86.8568,58.5478,-34.6297,3.1043,-7.0122,7.6528,5.0805,4.7118,-5.952,0.3533,1.7719,0.6375,51
1747100391.816378,86.8568,58.5478,-34.6297,3.1043,-7.0122,7.6528,5.0805,4.7118,-5.952,0.3533,1.7719,0.6375,51
1747100391.817936,86.8568,58.5478,-34.6297,3.1043,-7.0122,7.6528,5.0805,4.7118,-5.952,0.3533,1.7719,0.6375,51
1747100391.819455,86.8568,58.5478,-34.6297,3.1043,-7.0122,7.6528,5.0805,4.7118,-5.952,0.3533,1.7719,0.6375,51
1747100391.821002,86.8568,58.5478,-34.6297,3.1043,-7.0122,7.6528,5.0805,4.7118,-5.952,0.3533,1.7719,0.6375,51
1747100391.8225012,86.8568,58.5478,-34.6297,3.1043,-7.0122,7.6528,5.0805,4.7118,-5.952,0.3533,1.7719,0.6375,51
1747100391.82406,86.8568,58.5478,-34.6297,3.1043,-7.0122,7.6528,5.0805,4.7118,-5.952,0.3533,1.7719,0.6375,51
1747100391.825566,86.8568,58.5478,-34.6297,3.1043,-7.0122,7.6528,5.0805,4.7118,-5.952,0.3533,1.7719,0.6375,51
1747100391.8270621,86.8568,58.5478,-34.6297,3.1043,-7.0122,7.6528,5.0805,4.7118,-5.952,0.3533,1.7719,0.6375,51
1747100391.828683,86.8568,58.5478,-34.6297,3.1043,-7.0122,7.6528,5.0805,4.7118,-5.952,0.3533,1.7719,0.6375,51
1747100391.830209,86.8568,58.5478,-34.6297,3.1043,-7.0122,7.6528,5.0805,4.7118,-5.952,0.3533,1.7719,0.6375,51
1747100391.83183,86.8568,58.5478,-34.6297,3.1043,-7.0122,7.6528,5.0805,4.7118,-5.952,0.3533,1.7719,0.6375,51
1747100391.833488,86.8568,58.5478,-34.6297,3.1043,-7.0122,7.6528,5.0805,4.7118,-5.952,0.3533,1.7719,0.6375,51
1747100391.835229,86.8568,58.5478,-34.6297,3.1043,-7.0122,7.6528,5.0805,4.7118,-5.952,0.3533,1.7719,0.6375,51
1747100391.836864,86.8568,58.5478,-34.6297,3.1043,-7.0122,7.6528,5.0805,4.7118,-5.952,0.3533,1.7719,0.6375,51
1747100391.8382149,39.1931,62.8382,-33.9641,3.9376,-8.8224,15.8804,5.0805,4.7118,-5.952,0.3533,1.7719,0.6375,51
1747100391.839617,39.1931,62.8382,-33.9641,3.9376,-8.8224,15.8804,5.0805,4.7118,-5.952,0.3533,1.7719,0.6375,51
1747100391.841194,39.1931,62.8382,-33.9641,3.9376,-8.8224,15.8804,5.0805,4.7118,-5.952,0.3533,1.7719,0.6375,51
1747100391.842767,39.1931,62.8382,-33.9641,3.9376,-8.8224,15.8804,5.0805,4.7118,-5.952,0.3533,1.7719,0.6375,51
1747100391.8443,39.1931,62.8382,-33.9641,3.9376,-8.8224,15.8804,5.0805,4.7118,-5.952,0.3533,1.7719,0.6375,51
1747100391.8458612,39.1931,62.8382,-33.9641,3.9376,-8.8224,15.8804,5.0805,4.7118,-5.952,0.3533,1.7719,0.6375,51
1747100391.847218,39.1931,62.8382,-33.9641,3.9376,-8.8224,15.8804,5.0805,4.7118,-5.952,0.3533,1.7719,0.6375,51
1747100391.84884,39.1931,62.8382,-33.9641,3.9376,-8.8224,15.8804,5.0805,4.7118,-5.952,0.3533,1.7719,0.6375,51
1747100391.850252,39.1931,62.8382,-33.9641,3.9376,-8.8224,15.8804,5.0805,4.7118,-5.952,0.3533,1.7719,0.6375,51
1747100391.8518279,39.1931,62.8382,-33.9641,3.9376,-8.8224,15.8804,-1.8148,7.2065,-15.1505,-1.9113,-0.1128,-1.2015,51
1747100391.853487,39.1931,62.8382,-33.9641,3.9376,-8.8224,15.8804,-1.8148,7.2065,-15.1505,-1.9113,-0.1128,-1.2015,51
1747100391.8551118,39.1931,62.8382,-33.9641,3.9376,-8.8224,15.8804,-1.8148,7.2065,-15.1505,-1.9113,-0.1128,-1.2015,51
1747100391.8567371,39.1931,62.8382,-33.9641,3.9376,-8.8224,15.8804,-1.8148,7.2065,-15.1505,-1.9113,-0.1128,-1.2015,51
1747100391.858363,39.1931,62.8382,-33.9641,3.9376,-8.8224,15.8804,-1.8148,7.2065,-15.1505,-1.9113,-0.1128,-1.2015,51
1747100391.8599849,39.1931,62.8382,-33.9641,3.9376,-8.8224,15.8804,-1.8148,7.2065,-15.1505,-1.9113,-0.1128,-1.2015,51
1747100391.8616052,39.1931,62.8382,-33.9641,3.9376,-8.8224,15.8804,-1.8148,7.2065,-15.1505,-1.9113,-0.1128,-1.2015,51
1747100391.86323,39.1931,62.8382,-33.9641,3.9376,-8.8224,15.8804,-1.8148,7.2065,-15.1505,-1.9113,-0.1128,-1.2015,51
1747100391.864981,39.1931,62.8382,-33.9641,3.9376,-8.8224,15.8804,-1.8148,7.2065,-15.1505,-1.9113,-0.1128,-1.2015,51
1747100391.866883,39.1931,62.8382,-33.9641,3.9376,-8.8224,15.8804,-1.8148,7.2065,-15.1505,-1.9113,-0.1128,-1.2015,51
1747100391.868238,52.5001,7.5561,-28.1941,-8.5926,-0.4087,0.3257,-1.8148,7.2065,-15.1505,-1.9113,-0.1128,-1.2015,51
1747100391.869648,52.5001,7.5561,-28.1941,-8.5926,-0.4087,0.3257,-1.8148,7.2065,-15.1505,-1.9113,-0.1128,-1.2015,51
1747100391.871221,52.5001,7.5561,-28.1941,-8.5926,-0.4087,0.3257,-1.8148,7.2065,-15.1505,-1.9113,-0.1128,-1.2015,51
1747100391.8727832,52.5001,7.5561,-28.1941,-8.5926,-0.4087,0.3257,-1.8148,7.2065,-15.1505,-1.9113,-0.1128,-1.2015,51
1747100391.8742,52.5001,7.5561,-28.1941,-8.5926,-0.4087,0.3257,-1.8148,7.2065,-15.1505,-1.9113,-0.1128,-1.2015,51
1747100391.875548,52.5001,7.5561,-28.1941,-8.5926,-0.4087,0.3257,-1.8148,7.2065,-15.1505,-1.9113,-0.1128,-1.2015,51
1747100391.877043,52.5001,7.5561,-28.1941,-8.5926,-0.4087,0.3257,-1.8148,7.2065,-15.1505,-1.9113,-0.1128,-1.2015,51
1747100391.8785942,52.5001,7.5561,-28.1941,-8.5926,-0.4087,0.3257,-1.8148,7.2065,-15.1505,-1.9113,-0.1128,-1.2015,51
1747100391.880082,52.5001,7.5561,-28.1941,-8.5926,-0.4087,0.3257,-1.8148,7.2065,-15.1505,-1.9113,-0.1128,-1.2015,51
1747100391.8815382,52.5001,7.5561,-28.1941,-8.5926,-0.4087,0.3257,-2.8108,1.0774,-10.9894,-1.0791,-0.8471,-0.6311,51
1747100391.883111,52.5001,7.5561,-28.1941,-8.5926,-0.4087,0.3257,-2.8108,1.0774,-10.9894,-1.0791,-0.8471,-0.6311,51
1747100391.8846211,52.5001,7.5561,-28.1941,-8.5926,-0.4087,0.3257,-2.8108,1.0774,-10.9894,-1.0791,-0.8471,-0.6311,51
1747100391.8861718,52.5001,7.5561,-28.1941,-8.5926,-0.4087,0.3257,-2.8108,1.0774,-10.9894,-1.0791,-0.8471,-0.6311,51
1747100391.887685,52.5001,7.5561,-28.1941,-8.5926,-0.4087,0.3257,-2.8108,1.0774,-10.9894,-1.0791,-0.8471,-0.6311,51
1747100391.889281,52.5001,7.5561,-28.1941,-8.5926,-0.4087,0.3257,-2.8108,1.0774,-10.9894,-1.0791,-0.8471,-0.6311,51
1747100391.8907058,52.5001,7.5561,-28.1941,-8.5926,-0.4087,0.3257,-2.8108,1.0774,-10.9894,-1.0791,-0.8471,-0.6311,51
1747100391.8921359,52.5001,7.5561,-28.1941,-8.5926,-0.4087,0.3257,-2.8108,1.0774,-10.9894,-1.0791,-0.8471,-0.6311,51
1747100391.89362,52.5001,7.5561,-28.1941,-8.5926,-0.4087,0.3257,-2.8108,1.0774,-10.9894,-1.0791,-0.8471,-0.6311,51
1747100391.895145,52.5001,7.5561,-28.1941,-8.5926,-0.4087,0.3257,-2.8108,1.0774,-10.9894,-1.0791,-0.8471,-0.6311,51
1747100391.896419,52.5001,7.5561,-28.1941,-8.5926,-0.4087,0.3257,-2.8108,1.0774,-10.9894,-1.0791,-0.8471,-0.6311,51
1747100391.897981,52.5001,7.5561,-28.1941,-8.5926,-0.4087,0.3257,-2.8108,1.0774,-10.9894,-1.0791,-0.8471,-0.6311,51
1747100391.899557,52.5001,7.5561,-28.1941,-8.5926,-0.4087,0.3257,-2.8108,1.0774,-10.9894,-1.0791,-0.8471,-0.6311,51
1747100391.9010901,52.5001,7.5561,-28.1941,-8.5926,-0.4087,0.3257,-2.8108,1.0774,-10.9894,-1.0791,-0.8471,-0.6311,51
1747100391.902661,52.5001,7.5561,-28.1941,-8.5926,-0.4087,0.3257,-2.8108,1.0774,-10.9894,-1.0791,-0.8471,-0.6311,51
1747100391.90419,52.5001,7.5561,-28.1941,-8.5926,-0.4087,0.3257,-2.8108,1.0774,-10.9894,-1.0791,-0.8471,-0.6311,51
1747100391.90576,52.5001,7.5561,-28.1941,-8.5926,-0.4087,0.3257,-2.8108,1.0774,-10.9894,-1.0791,-0.8471,-0.6311,51
1747100391.907403,52.5001,7.5561,-28.1941,-8.5926,-0.4087,0.3257,-2.8108,1.0774,-10.9894,-1.0791,-0.8471,-0.6311,51
1747100391.908973,52.5001,7.5561,-28.1941,-8.5926,-0.4087,0.3257,-2.8108,1.0774,-10.9894,-1.0791,-0.8471,-0.6311,51
1747100391.910496,52.5001,7.5561,-28.1941,-8.5926,-0.4087,0.3257,-2.8108,1.0774,-10.9894,-1.0791,-0.8471,-0.6311,51
1747100391.9120588,52.5001,7.5561,-28.1941,-8.5926,-0.4087,0.3257,-2.8108,1.0774,-10.9894,-1.0791,-0.8471,-0.6311,51
1747100391.9136,52.5001,7.5561,-28.1941,-8.5926,-0.4087,0.3257,-2.8108,1.0774,-10.9894,-1.0791,-0.8471,-0.6311,51
1747100391.915175,52.5001,7.5561,-28.1941,-8.5926,-0.4087,0.3257,-2.8108,1.0774,-10.9894,-1.0791,-0.8471,-0.6311,51
1747100391.9167612,52.5001,7.5561,-28.1941,-8.5926,-0.4087,0.3257,-2.8108,1.0774,-10.9894,-1.0791,-0.8471,-0.6311,51
1747100391.918087,52.5001,7.5561,-28.1941,-8.5926,-0.4087,0.3257,-2.8108,1.0774,-10.9894,-1.0791,-0.8471,-0.6311,51
1747100391.919594,52.5001,7.5561,-28.1941,-8.5926,-0.4087,0.3257,-2.8108,1.0774,-10.9894,-1.0791,-0.8471,-0.6311,51
1747100391.921092,52.5001,7.5561,-28.1941,-8.5926,-0.4087,0.3257,-2.8108,1.0774,-10.9894,-1.0791,-0.8471,-0.6311,51
1747100391.92266,52.5001,7.5561,-28.1941,-8.5926,-0.4087,0.3257,-2.8108,1.0774,-10.9894,-1.0791,-0.8471,-0.6311,51
1747100391.92417,52.5001,7.5561,-28.1941,-8.5926,-0.4087,0.3257,-2.8108,1.0774,-10.9894,-1.0791,-0.8471,-0.6311,51
1747100391.9254138,52.5001,7.5561,-28.1941,-8.5926,-0.4087,0.3257,-2.8108,1.0774,-10.9894,-1.0791,-0.8471,-0.6311,51
1747100391.926666,52.5001,7.5561,-28.1941,-8.5926,-0.4087,0.3257,-2.8108,1.0774,-10.9894,-1.0791,-0.8471,-0.6311,51
1747100391.927886,25.3642,-21.2749,-7.3646,-3.5066,11.6543,-1.26,-2.8108,1.0774,-10.9894,-1.0791,-0.8471,-0.6311,51
1747100391.929302,25.3642,-21.2749,-7.3646,-3.5066,11.6543,-1.26,-2.8108,1.0774,-10.9894,-1.0791,-0.8471,-0.6311,51
1747100391.930642,25.3642,-21.2749,-7.3646,-3.5066,11.6543,-1.26,-2.8108,1.0774,-10.9894,-1.0791,-0.8471,-0.6311,51
1747100391.9321501,25.3642,-21.2749,-7.3646,-3.5066,11.6543,-1.26,-2.8108,1.0774,-10.9894,-1.0791,-0.8471,-0.6311,51
1747100391.933679,25.3642,-21.2749,-7.3646,-3.5066,11.6543,-1.26,-2.8108,1.0774,-10.9894,-1.0791,-0.8471,-0.6311,51
1747100391.9351811,25.3642,-21.2749,-7.3646,-3.5066,11.6543,-1.26,-2.8108,1.0774,-10.9894,-1.0791,-0.8471,-0.6311,51
1747100391.936723,25.3642,-21.2749,-7.3646,-3.5066,11.6543,-1.26,-2.8108,1.0774,-10.9894,-1.0791,-0.8471,-0.6311,51
1747100391.938229,25.3642,-21.2749,-7.3646,-3.5066,11.6543,-1.26,-2.8108,1.0774,-10.9894,-1.0791,-0.8471,-0.6311,51
1747100391.939785,25.3642,-21.2749,-7.3646,-3.5066,11.6543,-1.26,-2.8108,1.0774,-10.9894,-1.0791,-0.8471,-0.6311,51
1747100391.941334,25.3642,-21.2749,-7.3646,-3.5066,11.6543,-1.26,-2.8108,1.0774,-10.9894,-1.0791,-0.8471,-0.6311,51
1747100391.942695,25.3642,-21.2749,-7.3646,-3.5066,11.6543,-1.26,-5.8754,5.9328,-3.7254,-0.6939,-1.6293,1.4175,51
1747100391.943928,25.3642,-21.2749,-7.3646,-3.5066,11.6543,-1.26,-5.8754,5.9328,-3.7254,-0.6939,-1.6293,1.4175,51
1747100391.9454348,25.3642,-21.2749,-7.3646,-3.5066,11.6543,-1.26,-5.8754,5.9328,-3.7254,-0.6939,-1.6293,1.4175,51
1747100391.946974,25.3642,-21.2749,-7.3646,-3.5066,11.6543,-1.26,-5.8754,5.9328,-3.7254,-0.6939,-1.6293,1.4175,51
1747100391.948537,25.3642,-21.2749,-7.3646,-3.5066,11.6543,-1.26,-5.8754,5.9328,-3.7254,-0.6939,-1.6293,1.4175,51
1747100391.950096,25.3642,-21.2749,-7.3646,-3.5066,11.6543,-1.26,-5.8754,5.9328,-3.7254,-0.6939,-1.6293,1.4175,51
1747100391.951597,25.3642,-21.2749,-7.3646,-3.5066,11.6543,-1.26,-5.8754,5.9328,-3.7254,-0.6939,-1.6293,1.4175,51
1747100391.95315,25.3642,-21.2749,-7.3646,-3.5066,11.6543,-1.26,-5.8754,5.9328,-3.7254,-0.6939,-1.6293,1.4175,51
1747100391.9546628,25.3642,-21.2749,-7.3646,-3.5066,11.6543,-1.26,-5.8754,5.9328,-3.7254,-0.6939,-1.6293,1.4175,51
1747100391.956204,25.3642,-21.2749,-7.3646,-3.5066,11.6543,-1.26,-5.8754,5.9328,-3.7254,-0.6939,-1.6293,1.4175,51
1747100391.9577112,25.3642,-21.2749,-7.3646,-3.5066,11.6543,-1.26,-5.8754,5.9328,-3.7254,-0.6939,-1.6293,1.4175,51
1747100391.95925,25.3642,-21.2749,-7.3646,-3.5066,11.6543,-1.26,-5.8754,5.9328,-3.7254,-0.6939,-1.6293,1.4175,51
1747100391.960762,25.3642,-21.2749,-7.3646,-3.5066,11.6543,-1.26,-5.8754,5.9328,-3.7254,-0.6939,-1.6293,1.4175,51
1747100391.9622579,25.3642,-21.2749,-7.3646,-3.5066,11.6543,-1.26,-5.8754,5.9328,-3.7254,-0.6939,-1.6293,1.4175,51
1747100391.963716,25.3642,-21.2749,-7.3646,-3.5066,11.6543,-1.26,-5.8754,5.9328,-3.7254,-0.6939,-1.6293,1.4175,51
1747100391.965004,25.3642,-21.2749,-7.3646,-3.5066,11.6543,-1.26,-5.8754,5.9328,-3.7254,-0.6939,-1.6293,1.4175,51
1747100391.966531,25.3642,-21.2749,-7.3646,-3.5066,11.6543,-1.26,-5.8754,5.9328,-3.7254,-0.6939,-1.6293,1.4175,51
1747100391.968042,25.3642,-21.2749,-7.3646,-3.5066,11.6543,-1.26,-5.8754,5.9328,-3.7254,-0.6939,-1.6293,1.4175,51
1747100391.9695601,25.3642,-21.2749,-7.3646,-3.5066,11.6543,-1.26,-5.8754,5.9328,-3.7254,-0.6939,-1.6293,1.4175,51
1747100391.971191,25.3642,-21.2749,-7.3646,-3.5066,11.6543,-1.26,-5.8754,5.9328,-3.7254,-0.6939,-1.6293,1.4175,51
1747100391.972818,25.3642,-21.2749,-7.3646,-3.5066,11.6543,-1.26,-5.8754,5.9328,-3.7254,-0.6939,-1.6293,1.4175,51
1747100391.974443,25.3642,-21.2749,-7.3646,-3.5066,11.6543,-1.26,-5.8754,5.9328,-3.7254,-0.6939,-1.6293,1.4175,51
1747100391.976068,25.3642,-21.2749,-7.3646,-3.5066,11.6543,-1.26,-5.8754,5.9328,-3.7254,-0.6939,-1.6293,1.4175,51
1747100391.977439,25.3642,-21.2749,-7.3646,-3.5066,11.6543,-1.26,-5.8754,5.9328,-3.7254,-0.6939,-1.6293,1.4175,51
1747100391.978652,25.3642,-21.2749,-7.3646,-3.5066,11.6543,-1.26,-5.8754,5.9328,-3.7254,-0.6939,-1.6293,1.4175,51
1747100391.9801111,25.3642,-21.2749,-7.3646,-3.5066,11.6543,-1.26,-5.8754,5.9328,-3.7254,-0.6939,-1.6293,1.4175,51
1747100391.9817548,25.3642,-21.2749,-7.3646,-3.5066,11.6543,-1.26,-5.8754,5.9328,-3.7254,-0.6939,-1.6293,1.4175,51
1747100391.983327,25.3642,-21.2749,-7.3646,-3.5066,11.6543,-1.26,-5.8754,5.9328,-3.7254,-0.6939,-1.6293,1.4175,51
1747100391.984928,25.3642,-21.2749,-7.3646,-3.5066,11.6543,-1.26,-5.8754,5.9328,-3.7254,-0.6939,-1.6293,1.4175,51
1747100391.9865,25.3642,-21.2749,-7.3646,-3.5066,11.6543,-1.26,-5.8754,5.9328,-3.7254,-0.6939,-1.6293,1.4175,51
1747100391.987645,17.5878,4.5107,-9.3709,-13.4326,16.0741,-1.6315,-5.8754,5.9328,-3.7254,-0.6939,-1.6293,1.4175,51
1747100391.9892008,17.5878,4.5107,-9.3709,-13.4326,16.0741,-1.6315,-5.8754,5.9328,-3.7254,-0.6939,-1.6293,1.4175,51
1747100391.990788,17.5878,4.5107,-9.3709,-13.4326,16.0741,-1.6315,-5.8754,5.9328,-3.7254,-0.6939,-1.6293,1.4175,51
1747100391.992329,17.5878,4.5107,-9.3709,-13.4326,16.0741,-1.6315,-5.8754,5.9328,-3.7254,-0.6939,-1.6293,1.4175,51
1747100391.993811,17.5878,4.5107,-9.3709,-13.4326,16.0741,-1.6315,-5.8754,5.9328,-3.7254,-0.6939,-1.6293,1.4175,51
1747100391.995368,17.5878,4.5107,-9.3709,-13.4326,16.0741,-1.6315,-5.8754,5.9328,-3.7254,-0.6939,-1.6293,1.4175,51
1747100391.9969049,17.5878,4.5107,-9.3709,-13.4326,16.0741,-1.6315,-5.8754,5.9328,-3.7254,-0.6939,-1.6293,1.4175,51
1747100391.998472,17.5878,4.5107,-9.3709,-13.4326,16.0741,-1.6315,-5.8754,5.9328,-3.7254,-0.6939,-1.6293,1.4175,51
1747100392.000115,17.5878,4.5107,-9.3709,-13.4326,16.0741,-1.6315,-5.8754,5.9328,-3.7254,-0.6939,-1.6293,1.4175,51
1747100392.001677,17.5878,4.5107,-9.3709,-13.4326,16.0741,-1.6315,-5.8754,5.9328,-3.7254,-0.6939,-1.6293,1.4175,51
1747100392.0030599,17.5878,4.5107,-9.3709,-13.4326,16.0741,-1.6315,-4.7453,3.3327,-11.3006,-0.6151,-1.0004,0.53,51
1747100392.004586,17.5878,4.5107,-9.3709,-13.4326,16.0741,-1.6315,-4.7453,3.3327,-11.3006,-0.6151,-1.0004,0.53,51
1747100392.0061362,17.5878,4.5107,-9.3709,-13.4326,16.0741,-1.6315,-4.7453,3.3327,-11.3006,-0.6151,-1.0004,0.53,51
1747100392.007638,17.5878,4.5107,-9.3709,-13.4326,16.0741,-1.6315,-4.7453,3.3327,-11.3006,-0.6151,-1.0004,0.53,51
1747100392.009148,17.5878,4.5107,-9.3709,-13.4326,16.0741,-1.6315,-4.7453,3.3327,-11.3006,-0.6151,-1.0004,0.53,51
1747100392.0106509,17.5878,4.5107,-9.3709,-13.4326,16.0741,-1.6315,-4.7453,3.3327,-11.3006,-0.6151,-1.0004,0.53,51
1747100392.012218,17.5878,4.5107,-9.3709,-13.4326,16.0741,-1.6315,-4.7453,3.3327,-11.3006,-0.6151,-1.0004,0.53,51
1747100392.013726,17.5878,4.5107,-9.3709,-13.4326,16.0741,-1.6315,-4.7453,3.3327,-11.3006,-0.6151,-1.0004,0.53,51
1747100392.015268,17.5878,4.5107,-9.3709,-13.4326,16.0741,-1.6315,-4.7453,3.3327,-11.3006,-0.6151,-1.0004,0.53,51
1747100392.0167701,17.5878,4.5107,-9.3709,-13.4326,16.0741,-1.6315,-4.7453,3.3327,-11.3006,-0.6151,-1.0004,0.53,51
1747100392.018307,17.5878,4.5107,-9.3709,-13.4326,16.0741,-1.6315,-4.7453,3.3327,-11.3006,-0.6151,-1.0004,0.53,51
1747100392.01983,17.5878,4.5107,-9.3709,-13.4326,16.0741,-1.6315,-4.7453,3.3327,-11.3006,-0.6151,-1.0004,0.53,51
1747100392.0214531,17.5878,4.5107,-9.3709,-13.4326,16.0741,-1.6315,-4.7453,3.3327,-11.3006,-0.6151,-1.0004,0.53,51
1747100392.022837,17.5878,4.5107,-9.3709,-13.4326,16.0741,-1.6315,-4.7453,3.3327,-11.3006,-0.6151,-1.0004,0.53,51
1747100392.02413,17.5878,4.5107,-9.3709,-13.4326,16.0741,-1.6315,-4.7453,3.3327,-11.3006,-0.6151,-1.0004,0.53,51
1747100392.025651,17.5878,4.5107,-9.3709,-13.4326,16.0741,-1.6315,-4.7453,3.3327,-11.3006,-0.6151,-1.0004,0.53,51
1747100392.027157,17.5878,4.5107,-9.3709,-13.4326,16.0741,-1.6315,-4.7453,3.3327,-11.3006,-0.6151,-1.0004,0.53,51
1747100392.028584,17.5878,4.5107,-9.3709,-13.4326,16.0741,-1.6315,-4.7453,3.3327,-11.3006,-0.6151,-1.0004,0.53,51
1747100392.029889,17.5878,4.5107,-9.3709,-13.4326,16.0741,-1.6315,-4.7453,3.3327,-11.3006,-0.6151,-1.0004,0.53,51
1747100392.0311282,17.5878,4.5107,-9.3709,-13.4326,16.0741,-1.6315,-4.7453,3.3327,-11.3006,-0.6151,-1.0004,0.53,51
1747100392.0326169,17.5878,4.5107,-9.3709,-13.4326,16.0741,-1.6315,-4.7453,3.3327,-11.3006,-0.6151,-1.0004,0.53,51
1747100392.034168,17.5878,4.5107,-9.3709,-13.4326,16.0741,-1.6315,-4.7453,3.3327,-11.3006,-0.6151,-1.0004,0.53,51
1747100392.0356858,17.5878,4.5107,-9.3709,-13.4326,16.0741,-1.6315,-4.7453,3.3327,-11.3006,-0.6151,-1.0004,0.53,51
1747100392.037226,17.5878,4.5107,-9.3709,-13.4326,16.0741,-1.6315,-4.7453,3.3327,-11.3006,-0.6151,-1.0004,0.53,51
1747100392.038738,17.5878,4.5107,-9.3709,-13.4326,16.0741,-1.6315,-4.7453,3.3327,-11.3006,-0.6151,-1.0004,0.53,51
1747100392.04036,17.5878,4.5107,-9.3709,-13.4326,16.0741,-1.6315,-4.7453,3.3327,-11.3006,-0.6151,-1.0004,0.53,51
1747100392.041991,17.5878,4.5107,-9.3709,-13.4326,16.0741,-1.6315,-4.7453,3.3327,-11.3006,-0.6151,-1.0004,0.53,51
1747100392.043665,17.5878,4.5107,-9.3709,-13.4326,16.0741,-1.6315,-4.7453,3.3327,-11.3006,-0.6151,-1.0004,0.53,51
1747100392.045237,17.5878,4.5107,-9.3709,-13.4326,16.0741,-1.6315,-4.7453,3.3327,-11.3006,-0.6151,-1.0004,0.53,51
1747100392.0466769,17.5878,4.5107,-9.3709,-13.4326,16.0741,-1.6315,-4.7453,3.3327,-11.3006,-0.6151,-1.0004,0.53,51
1747100392.048032,39.4086,26.5469,-13.6039,-3.0352,8.1445,-2.0327,-4.7453,3.3327,-11.3006,-0.6151,-1.0004,0.53,51
1747100392.0496168,39.4086,26.5469,-13.6039,-3.0352,8.1445,-2.0327,-4.7453,3.3327,-11.3006,-0.6151,-1.0004,0.53,51
1747100392.0511591,39.4086,26.5469,-13.6039,-3.0352,8.1445,-2.0327,-4.7453,3.3327,-11.3006,-0.6151,-1.0004,0.53,51
1747100392.052723,39.4086,26.5469,-13.6039,-3.0352,8.1445,-2.0327,-4.7453,3.3327,-11.3006,-0.6151,-1.0004,0.53,51
1747100392.054348,39.4086,26.5469,-13.6039,-3.0352,8.1445,-2.0327,-4.7453,3.3327,-11.3006,-0.6151,-1.0004,0.53,51
1747100392.055959,39.4086,26.5469,-13.6039,-3.0352,8.1445,-2.0327,-4.7453,3.3327,-11.3006,-0.6151,-1.0004,0.53,51
1747100392.057584,39.4086,26.5469,-13.6039,-3.0352,8.1445,-2.0327,-4.7453,3.3327,-11.3006,-0.6151,-1.0004,0.53,51
1747100392.059208,39.4086,26.5469,-13.6039,-3.0352,8.1445,-2.0327,-4.7453,3.3327,-11.3006,-0.6151,-1.0004,0.53,51
1747100392.060873,39.4086,26.5469,-13.6039,-3.0352,8.1445,-2.0327,-4.7453,3.3327,-11.3006,-0.6151,-1.0004,0.53,51
1747100392.0625238,39.4086,26.5469,-13.6039,-3.0352,8.1445,-2.0327,-4.7453,3.3327,-11.3006,-0.6151,-1.0004,0.53,51
1747100392.0641322,39.4086,26.5469,-13.6039,-3.0352,8.1445,-2.0327,-5.6312,6.4165,-5.9855,-0.414,-0.2171,0.5875,51
1747100392.065797,39.4086,26.5469,-13.6039,-3.0352,8.1445,-2.0327,-5.6312,6.4165,-5.9855,-0.414,-0.2171,0.5875,51
1747100392.06742,39.4086,26.5469,-13.6039,-3.0352,8.1445,-2.0327,-5.6312,6.4165,-5.9855,-0.414,-0.2171,0.5875,51
1747100392.0689878,39.4086,26.5469,-13.6039,-3.0352,8.1445,-2.0327,-5.6312,6.4165,-5.9855,-0.414,-0.2171,0.5875,51
1747100392.0705988,39.4086,26.5469,-13.6039,-3.0352,8.1445,-2.0327,-5.6312,6.4165,-5.9855,-0.414,-0.2171,0.5875,51
1747100392.072219,39.4086,26.5469,-13.6039,-3.0352,8.1445,-2.0327,-5.6312,6.4165,-5.9855,-0.414,-0.2171,0.5875,51
1747100392.073837,39.4086,26.5469,-13.6039,-3.0352,8.1445,-2.0327,-5.6312,6.4165,-5.9855,-0.414,-0.2171,0.5875,51
1747100392.075457,39.4086,26.5469,-13.6039,-3.0352,8.1445,-2.0327,-5.6312,6.4165,-5.9855,-0.414,-0.2171,0.5875,51
1747100392.076843,39.4086,26.5469,-13.6039,-3.0352,8.1445,-2.0327,-5.6312,6.4165,-5.9855,-0.414,-0.2171,0.5875,51
1747100392.0784671,39.4086,26.5469,-13.6039,-3.0352,8.1445,-2.0327,-5.6312,6.4165,-5.9855,-0.414,-0.2171,0.5875,51
1747100392.080086,39.4086,26.5469,-13.6039,-3.0352,8.1445,-2.0327,-5.6312,6.4165,-5.9855,-0.414,-0.2171,0.5875,51
1747100392.081704,39.4086,26.5469,-13.6039,-3.0352,8.1445,-2.0327,-5.6312,6.4165,-5.9855,-0.414,-0.2171,0.5875,51
1747100392.0831308,39.4086,26.5469,-13.6039,-3.0352,8.1445,-2.0327,-5.6312,6.4165,-5.9855,-0.414,-0.2171,0.5875,51
1747100392.0845509,39.4086,26.5469,-13.6039,-3.0352,8.1445,-2.0327,-5.6312,6.4165,-5.9855,-0.414,-0.2171,0.5875,51
1747100392.085873,39.4086,26.5469,-13.6039,-3.0352,8.1445,-2.0327,-5.6312,6.4165,-5.9855,-0.414,-0.2171,0.5875,51
1747100392.087446,39.4086,26.5469,-13.6039,-3.0352,8.1445,-2.0327,-5.6312,6.4165,-5.9855,-0.414,-0.2171,0.5875,51
1747100392.08898,39.4086,26.5469,-13.6039,-3.0352,8.1445,-2.0327,-5.6312,6.4165,-5.9855,-0.414,-0.2171,0.5875,51
1747100392.090553,39.4086,26.5469,-13.6039,-3.0352,8.1445,-2.0327,-5.6312,6.4165,-5.9855,-0.414,-0.2171,0.5875,51
1747100392.0920901,39.4086,26.5469,-13.6039,-3.0352,8.1445,-2.0327,-5.6312,6.4165,-5.9855,-0.414,-0.2171,0.5875,51
1747100392.093693,39.4086,26.5469,-13.6039,-3.0352,8.1445,-2.0327,-5.6312,6.4165,-5.9855,-0.414,-0.2171,0.5875,51
1747100392.0950952,39.4086,26.5469,-13.6039,-3.0352,8.1445,-2.0327,-5.6312,6.4165,-5.9855,-0.414,-0.2171,0.5875,51
1747100392.0964868,39.4086,26.5469,-13.6039,-3.0352,8.1445,-2.0327,-5.6312,6.4165,-5.9855,-0.414,-0.2171,0.5875,51
1747100392.097721,39.4086,26.5469,-13.6039,-3.0352,8.1445,-2.0327,-5.6312,6.4165,-5.9855,-0.414,-0.2171,0.5875,51
1747100392.099276,39.4086,26.5469,-13.6039,-3.0352,8.1445,-2.0327,-5.6312,6.4165,-5.9855,-0.414,-0.2171,0.5875,51
1747100392.100811,39.4086,26.5469,-13.6039,-3.0352,8.1445,-2.0327,-5.6312,6.4165,-5.9855,-0.414,-0.2171,0.5875,51
1747100392.1023822,39.4086,26.5469,-13.6039,-3.0352,8.1445,-2.0327,-5.6312,6.4165,-5.9855,-0.414,-0.2171,0.5875,51
1747100392.103909,39.4086,26.5469,-13.6039,-3.0352,8.1445,-2.0327,-5.6312,6.4165,-5.9855,-0.414,-0.2171,0.5875,51
1747100392.105252,39.4086,26.5469,-13.6039,-3.0352,8.1445,-2.0327,-5.6312,6.4165,-5.9855,-0.414,-0.2171,0.5875,51
1747100392.106729,39.4086,26.5469,-13.6039,-3.0352,8.1445,-2.0327,-5.6312,6.4165,-5.9855,-0.414,-0.2171,0.5875,51
1747100392.10819,11.88,9.9264,0.8475,-6.0118,6.1012,-5.2828,-5.6312,6.4165,-5.9855,-0.414,-0.2171,0.5875,51
1747100392.109793,11.88,9.9264,0.8475,-6.0118,6.1012,-5.2828,-5.6312,6.4165,-5.9855,-0.414,-0.2171,0.5875,51
1747100392.111257,11.88,9.9264,0.8475,-6.0118,6.1012,-5.2828,-5.6312,6.4165,-5.9855,-0.414,-0.2171,0.5875,51
1747100392.1127942,11.88,9.9264,0.8475,-6.0118,6.1012,-5.2828,-5.6312,6.4165,-5.9855,-0.414,-0.2171,0.5875,51
1747100392.114362,11.88,9.9264,0.8475,-6.0118,6.1012,-5.2828,-5.6312,6.4165,-5.9855,-0.414,-0.2171,0.5875,51
1747100392.115902,11.88,9.9264,0.8475,-6.0118,6.1012,-5.2828,-5.6312,6.4165,-5.9855,-0.414,-0.2171,0.5875,51
1747100392.1174788,11.88,9.9264,0.8475,-6.0118,6.1012,-5.2828,-5.6312,6.4165,-5.9855,-0.414,-0.2171,0.5875,51
1747100392.119019,11.88,9.9264,0.8475,-6.0118,6.1012,-5.2828,-5.6312,6.4165,-5.9855,-0.414,-0.2171,0.5875,51
1747100392.120322,11.88,9.9264,0.8475,-6.0118,6.1012,-5.2828,-5.6312,6.4165,-5.9855,-0.414,-0.2171,0.5875,51
1747100392.121728,11.88,9.9264,0.8475,-6.0118,6.1012,-5.2828,-5.6312,6.4165,-5.9855,-0.414,-0.2171,0.5875,51
1747100392.1232362,11.88,9.9264,0.8475,-6.0118,6.1012,-5.2828,-9.2081,8.4946,1.4317,-0.828,1.0621,-0.232,51
1747100392.1248052,11.88,9.9264,0.8475,-6.0118,6.1012,-5.2828,-9.2081,8.4946,1.4317,-0.828,1.0621,-0.232,51
1747100392.126386,11.88,9.9264,0.8475,-6.0118,6.1012,-5.2828,-9.2081,8.4946,1.4317,-0.828,1.0621,-0.232,51
1747100392.127925,11.88,9.9264,0.8475,-6.0118,6.1012,-5.2828,-9.2081,8.4946,1.4317,-0.828,1.0621,-0.232,51
1747100392.1295009,11.88,9.9264,0.8475,-6.0118,6.1012,-5.2828,-9.2081,8.4946,1.4317,-0.828,1.0621,-0.232,51
1747100392.13104,11.88,9.9264,0.8475,-6.0118,6.1012,-5.2828,-9.2081,8.4946,1.4317,-0.828,1.0621,-0.232,51
1747100392.1326458,11.88,9.9264,0.8475,-6.0118,6.1012,-5.2828,-9.2081,8.4946,1.4317,-0.828,1.0621,-0.232,51
1747100392.134253,11.88,9.9264,0.8475,-6.0118,6.1012,-5.2828,-9.2081,8.4946,1.4317,-0.828,1.0621,-0.232,51
1747100392.135913,11.88,9.9264,0.8475,-6.0118,6.1012,-5.2828,-9.2081,8.4946,1.4317,-0.828,1.0621,-0.232,51
1747100392.137578,11.88,9.9264,0.8475,-6.0118,6.1012,-5.2828,-9.2081,8.4946,1.4317,-0.828,1.0621,-0.232,51
1747100392.139206,11.88,9.9264,0.8475,-6.0118,6.1012,-5.2828,-9.2081,8.4946,1.4317,-0.828,1.0621,-0.232,51
1747100392.1408262,11.88,9.9264,0.8475,-6.0118,6.1012,-5.2828,-9.2081,8.4946,1.4317,-0.828,1.0621,-0.232,51
1747100392.1425228,11.88,9.9264,0.8475,-6.0118,6.1012,-5.2828,-9.2081,8.4946,1.4317,-0.828,1.0621,-0.232,51
1747100392.1439471,11.88,9.9264,0.8475,-6.0118,6.1012,-5.2828,-9.2081,8.4946,1.4317,-0.828,1.0621,-0.232,51
1747100392.1452649,11.88,9.9264,0.8475,-6.0118,6.1012,-5.2828,-9.2081,8.4946,1.4317,-0.828,1.0621,-0.232,51
1747100392.1468291,11.88,9.9264,0.8475,-6.0118,6.1012,-5.2828,-9.2081,8.4946,1.4317,-0.828,1.0621,-0.232,51
1747100392.148404,11.88,9.9264,0.8475,-6.0118,6.1012,-5.2828,-9.2081,8.4946,1.4317,-0.828,1.0621,-0.232,51
1747100392.149934,11.88,9.9264,0.8475,-6.0118,6.1012,-5.2828,-9.2081,8.4946,1.4317,-0.828,1.0621,-0.232,51
1747100392.151514,11.88,9.9264,0.8475,-6.0118,6.1012,-5.2828,-9.2081,8.4946,1.4317,-0.828,1.0621,-0.232,51
1747100392.153048,11.88,9.9264,0.8475,-6.0118,6.1012,-5.2828,-9.2081,8.4946,1.4317,-0.828,1.0621,-0.232,51
1747100392.154609,11.88,9.9264,0.8475,-6.0118,6.1012,-5.2828,-9.2081,8.4946,1.4317,-0.828,1.0621,-0.232,51
1747100392.156158,11.88,9.9264,0.8475,-6.0118,6.1012,-5.2828,-9.2081,8.4946,1.4317,-0.828,1.0621,-0.232,51
1747100392.157726,11.88,9.9264,0.8475,-6.0118,6.1012,-5.2828,-9.2081,8.4946,1.4317,-0.828,1.0621,-0.232,51
1747100392.1592581,11.88,9.9264,0.8475,-6.0118,6.1012,-5.2828,-9.2081,8.4946,1.4317,-0.828,1.0621,-0.232,51
1747100392.160842,11.88,9.9264,0.8475,-6.0118,6.1012,-5.2828,-9.2081,8.4946,1.4317,-0.828,1.0621,-0.232,51
1747100392.1621041,11.88,9.9264,0.8475,-6.0118,6.1012,-5.2828,-9.2081,8.4946,1.4317,-0.828,1.0621,-0.232,51
1747100392.1635342,11.88,9.9264,0.8475,-6.0118,6.1012,-5.2828,-9.2081,8.4946,1.4317,-0.828,1.0621,-0.232,51
1747100392.1652322,11.88,9.9264,0.8475,-6.0118,6.1012,-5.2828,-9.2081,8.4946,1.4317,-0.828,1.0621,-0.232,51
1747100392.166699,11.88,9.9264,0.8475,-6.0118,6.1012,-5.2828,-9.2081,8.4946,1.4317,-0.828,1.0621,-0.232,51
1747100392.1681468,2.2841,3.1939,4.9321,-6.8259,4.9337,0.4704,-9.2081,8.4946,1.4317,-0.828,1.0621,-0.232,51
1747100392.169717,2.2841,3.1939,4.9321,-6.8259,4.9337,0.4704,-9.2081,8.4946,1.4317,-0.828,1.0621,-0.232,51
1747100392.1712792,2.2841,3.1939,4.9321,-6.8259,4.9337,0.4704,-9.2081,8.4946,1.4317,-0.828,1.0621,-0.232,51
1747100392.1728241,2.2841,3.1939,4.9321,-6.8259,4.9337,0.4704,-9.2081,8.4946,1.4317,-0.828,1.0621,-0.232,51
1747100392.1744,2.2841,3.1939,4.9321,-6.8259,4.9337,0.4704,-9.2081,8.4946,1.4317,-0.828,1.0621,-0.232,51
1747100392.175967,2.2841,3.1939,4.9321,-6.8259,4.9337,0.4704,-9.2081,8.4946,1.4317,-0.828,1.0621,-0.232,51
1747100392.1775339,2.2841,3.1939,4.9321,-6.8259,4.9337,0.4704,-9.2081,8.4946,1.4317,-0.828,1.0621,-0.232,51
1747100392.1789482,2.2841,3.1939,4.9321,-6.8259,4.9337,0.4704,-9.2081,8.4946,1.4317,-0.828,1.0621,-0.232,51
1747100392.180345,2.2841,3.1939,4.9321,-6.8259,4.9337,0.4704,-9.2081,8.4946,1.4317,-0.828,1.0621,-0.232,51
1747100392.1818528,2.2841,3.1939,4.9321,-6.8259,4.9337,0.4704,-9.2081,8.4946,1.4317,-0.828,1.0621,-0.232,51
1747100392.1833541,2.2841,3.1939,4.9321,-6.8259,4.9337,0.4704,-1.2594,9.5912,-4.8363,-1.4654,1.4484,0.1192,51
1747100392.184919,2.2841,3.1939,4.9321,-6.8259,4.9337,0.4704,-1.2594,9.5912,-4.8363,-1.4654,1.4484,0.1192,51
1747100392.186483,2.2841,3.1939,4.9321,-6.8259,4.9337,0.4704,-1.2594,9.5912,-4.8363,-1.4654,1.4484,0.1192,51
1747100392.1880078,2.2841,3.1939,4.9321,-6.8259,4.9337,0.4704,-1.2594,9.5912,-4.8363,-1.4654,1.4484,0.1192,51
1747100392.18958,2.2841,3.1939,4.9321,-6.8259,4.9337,0.4704,-1.2594,9.5912,-4.8363,-1.4654,1.4484,0.1192,51
1747100392.1911218,2.2841,3.1939,4.9321,-6.8259,4.9337,0.4704,-1.2594,9.5912,-4.8363,-1.4654,1.4484,0.1192,51
1747100392.192693,2.2841,3.1939,4.9321,-6.8259,4.9337,0.4704,-1.2594,9.5912,-4.8363,-1.4654,1.4484,0.1192,51
1747100392.194227,2.2841,3.1939,4.9321,-6.8259,4.9337,0.4704,-1.2594,9.5912,-4.8363,-1.4654,1.4484,0.1192,51
1747100392.195786,2.2841,3.1939,4.9321,-6.8259,4.9337,0.4704,-1.2594,9.5912,-4.8363,-1.4654,1.4484,0.1192,51
1747100392.197321,2.2841,3.1939,4.9321,-6.8259,4.9337,0.4704,-1.2594,9.5912,-4.8363,-1.4654,1.4484,0.1192,51
1747100392.1988952,2.2841,3.1939,4.9321,-6.8259,4.9337,0.4704,-1.2594,9.5912,-4.8363,-1.4654,1.4484,0.1192,51
1747100392.200504,2.2841,3.1939,4.9321,-6.8259,4.9337,0.4704,-1.2594,9.5912,-4.8363,-1.4654,1.4484,0.1192,51
1747100392.202322,2.2841,3.1939,4.9321,-6.8259,4.9337,0.4704,-1.2594,9.5912,-4.8363,-1.4654,1.4484,0.1192,51
1747100392.2037,2.2841,3.1939,4.9321,-6.8259,4.9337,0.4704,-1.2594,9.5912,-4.8363,-1.4654,1.4484,0.1192,51
1747100392.205034,2.2841,3.1939,4.9321,-6.8259,4.9337,0.4704,-1.2594,9.5912,-4.8363,-1.4654,1.4484,0.1192,51
1747100392.206614,2.2841,3.1939,4.9321,-6.8259,4.9337,0.4704,-1.2594,9.5912,-4.8363,-1.4654,1.4484,0.1192,51
1747100392.208149,2.2841,3.1939,4.9321,-6.8259,4.9337,0.4704,-1.2594,9.5912,-4.8363,-1.4654,1.4484,0.1192,51
1747100392.209712,2.2841,3.1939,4.9321,-6.8259,4.9337,0.4704,-1.2594,9.5912,-4.8363,-1.4654,1.4484,0.1192,51
1747100392.211055,2.2841,3.1939,4.9321,-6.8259,4.9337,0.4704,-1.2594,9.5912,-4.8363,-1.4654,1.4484,0.1192,51
1747100392.212397,2.2841,3.1939,4.9321,-6.8259,4.9337,0.4704,-1.2594,9.5912,-4.8363,-1.4654,1.4484,0.1192,51
1747100392.213793,2.2841,3.1939,4.9321,-6.8259,4.9337,0.4704,-1.2594,9.5912,-4.8363,-1.4654,1.4484,0.1192,51
1747100392.215332,2.2841,3.1939,4.9321,-6.8259,4.9337,0.4704,-1.2594,9.5912,-4.8363,-1.4654,1.4484,0.1192,51
1747100392.216886,2.2841,3.1939,4.9321,-6.8259,4.9337,0.4704,-1.2594,9.5912,-4.8363,-1.4654,1.4484,0.1192,51
1747100392.218461,2.2841,3.1939,4.9321,-6.8259,4.9337,0.4704,-1.2594,9.5912,-4.8363,-1.4654,1.4484,0.1192,51
1747100392.220004,2.2841,3.1939,4.9321,-6.8259,4.9337,0.4704,-1.2594,9.5912,-4.8363,-1.4654,1.4484,0.1192,51
1747100392.2215831,2.2841,3.1939,4.9321,-6.8259,4.9337,0.4704,-1.2594,9.5912,-4.8363,-1.4654,1.4484,0.1192,51
1747100392.223115,2.2841,3.1939,4.9321,-6.8259,4.9337,0.4704,-1.2594,9.5912,-4.8363,-1.4654,1.4484,0.1192,51
1747100392.224688,2.2841,3.1939,4.9321,-6.8259,4.9337,0.4704,-1.2594,9.5912,-4.8363,-1.4654,1.4484,0.1192,51
1747100392.2259479,2.2841,3.1939,4.9321,-6.8259,4.9337,0.4704,-1.2594,9.5912,-4.8363,-1.4654,1.4484,0.1192,51
1747100392.227573,-0.8523,1.7717,-2.6193,-7.3559,1.3377,-2.3381,-1.2594,9.5912,-4.8363,-1.4654,1.4484,0.1192,51
1747100392.229213,-0.8523,1.7717,-2.6193,-7.3559,1.3377,-2.3381,-1.2594,9.5912,-4.8363,-1.4654,1.4484,0.1192,51
1747100392.2306318,-0.8523,1.7717,-2.6193,-7.3559,1.3377,-2.3381,-1.2594,9.5912,-4.8363,-1.4654,1.4484,0.1192,51
1747100392.232012,-0.8523,1.7717,-2.6193,-7.3559,1.3377,-2.3381,-1.2594,9.5912,-4.8363,-1.4654,1.4484,0.1192,51
1747100392.233325,-0.8523,1.7717,-2.6193,-7.3559,1.3377,-2.3381,-1.2594,9.5912,-4.8363,-1.4654,1.4484,0.1192,51
1747100392.234646,-0.8523,1.7717,-2.6193,-7.3559,1.3377,-2.3381,-1.2594,9.5912,-4.8363,-1.4654,1.4484,0.1192,51
